24 pairs of asymmetric units of 1ar6 #1 contact at distance 5.0 A
  Atoms  MTRIX  SMTRY   Unit cell  MTRIXref  Copies
   716     1      0      0  0  0      0        24
   671     4      0      0  0  0      0         6
   302     4      1      0  0  0      0        20
   283    12      0      0  0  0      0        20
    75    11      0      0  0  0      0        20
    44    18      3     -1  0 -1      6         1
    40     6      3      0  0 -1     18         1
    30     3      0      0  0  0      0        12
    28     2      0      0  0  0      0        18
    26     6      3      0  0 -1      8         1
    26     8      3     -1  0 -1      6         1
    23     1      3     -1  0  0      3         1
    22     3      3      0  0  0      1         1
    15    21      3     -1  0  0      3         1
    12     3      3      0  0  0     21         1
    11    14      1      1  0  0     14         1
     5     8      3     -1  0 -1     26         1
     5     3      3      0  0  0     11         1
     5    26      3      0  0 -1      8         1
     5    11      3     -1  0  0      3         1
     4     1      2      0 -1  0     13         1
     3     6      3      0  0 -1     23         1
     3    13      2      0  0  0      1         1
     2    23      3     -1  0 -1      6         1
Residue contacts, 433 residues
  residue1  ncs1  residue2  ncs2  sym2    cell2  distance
   GLY 6 0    0    VAL 5 4    1     0    0  0  0   4.91
   GLY 6 0    0    SER 7 0    1     0    0  0  0   4.41
   SER 7 0    0    GLY 6 0    4     0    0  0  0   4.41
  SER 23 1    0   GLU 27 3    4     0    0  0  0   4.89
  ARG 24 1    0   GLU 27 3    4     0    0  0  0   4.82
  ARG 24 1    0   ARG 34 4    4     0    0  0  0   3.25
  THR 30 1    0   VAL 50 2    4     0    0  0  0   3.52
  GLY 34 1    0   THR 17 2    4     1    0  0  0   4.59
  PRO 35 1    0   LEU 18 2    4     1    0  0  0   3.92
  PRO 35 1    0   THR 17 2    4     1    0  0  0   3.15
  THR 36 1    0   THR 17 2    4     1    0  0  0   2.7
  THR 36 1    0   LEU 18 2    4     1    0  0  0   4.95
  THR 36 1    0   GLN 15 2    4     1    0  0  0   4.1
  THR 36 1    0   LEU 16 2    4     1    0  0  0   3.33
  HIS 37 1    0   SER 31 2    4     1    0  0  0   2.89
  HIS 37 1    0   LEU 16 2    4     1    0  0  0   3.31
  HIS 37 1    0  THR 107 2    4     1    0  0  0   4.94
  HIS 37 1    0  THR 207 2    4     1    0  0  0   3.89
  HIS 37 1    0   LYS 58 4    4     1    0  0  0   3.06
  HIS 37 1    0   TRP 38 2    4     1    0  0  0   3.93
  HIS 37 1    0  VAL 209 2    4     1    0  0  0   3.61
  HIS 37 1    0   LEU 14 2    4     1    0  0  0   4.6
  HIS 37 1    0   GLN 15 2    4     1    0  0  0   3.71
  HIS 37 1    0   THR 17 2    4     1    0  0  0   4.78
  SER 38 1    0   GLN 15 2    4     1    0  0  0   3.11
  SER 38 1    0   LEU 16 2    4     1    0  0  0   4.68
  SER 38 1    0   VAL 13 2    4     1    0  0  0   4.34
  SER 38 1    0   LEU 14 2    4     1    0  0  0   3.48
  SER 38 1    0   LYS 58 4    4     1    0  0  0   4.94
  LYS 39 1    0   VAL 13 2    4     1    0  0  0   3.59
  LYS 39 1    0   LEU 14 2    4     1    0  0  0   4.03
  LYS 39 1    0    TYR 9 2    4     1    0  0  0   3.28
  LYS 39 1    0   SER 10 2    4     1    0  0  0   3.52
  LYS 39 1    0   ASP 11 2    4     1    0  0  0   4.06
  LYS 39 1    0   ASP 59 4    4     1    0  0  0   3.22
  GLU 40 1    0   GLN 15 2    4     1    0  0  0   3.31
  GLU 40 1    0    TYR 9 2    4     1    0  0  0   3.98
  ILE 41 1    0   VAL 13 2    4     1    0  0  0   3.86
  ILE 41 1    0   GLN 15 2    4     1    0  0  0   3.59
  ILE 41 1    0   LEU 14 2    4     1    0  0  0   3.84
  ILE 41 1    0    TYR 9 2    4     1    0  0  0   4.87
  PRO 42 1    0   GLN 15 2    4     1    0  0  0   3.03
  ALA 43 1    0   THR 24 2    4     1    0  0  0   4.01
  ALA 43 1    0   GLN 15 2    4     1    0  0  0   3.13
  ALA 43 1    0   THR 22 2    4     1    0  0  0   4.6
  LEU 44 1    0   GLN 26 2    4     1    0  0  0   3.65
  LEU 44 1    0   THR 24 2    4     1    0  0  0   3.83
  LEU 44 1    0   THR 25 2    4     1    0  0  0   4.4
  LEU 44 1    0   VAL 13 2    4     1    0  0  0   3.82
  LEU 44 1    0   GLN 15 2    4     1    0  0  0   4.75
  PRO 57 1    0   VAL 50 2    4     0    0  0  0   3.95
  ASP 59 1    0   GLN 15 2    4     1    0  0  0   3.12
  ASP 59 1    0   THR 17 2    4     1    0  0  0   4.69
  THR 60 1    0   THR 22 2    4     1    0  0  0   2.6
  THR 60 1    0   GLN 15 2    4     1    0  0  0   4.3
  THR 60 1    0   ASN 20 2    4     1    0  0  0   4.79
  THR 60 1    0   SER 21 2    4     1    0  0  0   4.35
  THR 60 1    0   GLY 19 2    4     1    0  0  0   4.97
  THR 60 1    0   THR 17 2    4     1    0  0  0   3.29
  VAL 61 1    0   THR 22 2    4     1    0  0  0   4.67
  VAL 61 1    0   THR 17 2    4     1    0  0  0   3.97
  VAL 61 1    0   ASN 20 2    4     1    0  0  0   3.92
  VAL 61 1    0   GLY 19 2    4     1    0  0  0   3.64
  VAL 61 1    0   SER 21 2    4     1    0  0  0   4.85
  GLN 62 1    0   GLN 52 2    4     0    0  0  0   2.92
  GLN 62 1    0   ASP 51 2    4     0    0  0  0   3.65
  GLN 62 1    0   VAL 50 2    4     0    0  0  0   4.54
  GLN 62 1    0   ASN 20 2    4     1    0  0  0   4.81
  GLN 62 1    0   GLY 19 2    4     1    0  0  0   2.81
  GLN 62 1    0   THR 17 2    4     1    0  0  0   4.53
  GLN 62 1    0   VAL 58 2    4     1    0  0  0   3.6
  GLN 62 1    0   LEU 18 2    4     1    0  0  0   3.96
  THR 63 1    0   VAL 50 2    4     0    0  0  0   3.45
  THR 63 1    0   ASP 51 2    4     0    0  0  0   4.28
  THR 63 1    0   GLN 52 2    4     0    0  0  0   3.71
  ARG 64 1    0   PRO 49 2    4     0    0  0  0   4.02
  ARG 64 1    0   VAL 50 2    4     0    0  0  0   3.02
  ARG 64 1    0   ASP 51 2    4     0    0  0  0   3.94
  ARG 64 1    0   GLN 52 2    4     0    0  0  0   3.81
  ARG 64 1    0   PRO 53 2    4     0    0  0  0   3.79
  ARG 64 1    0   ALA 47 2    4     0    0  0  0   3.67
  ARG 64 1    0  ASN 261 2    4     0    0  0  0   4.98
  ARG 64 1    0   ASP 44 2    4     0    0  0  0   2.83
  ARG 64 1    0   LEU 42 2    4     0    0  0  0   2.88
  ARG 64 1    0   ARG 43 2    4     0    0  0  0   3.42
  ARG 64 1    0  GLU 259 2    4     0    0  0  0   3.06
  HIS 65 1    0   ASP 44 2    4     0    0  0  0   2.87
  HIS 65 1    0   ALA 47 2    4     0    0  0  0   4.34
  VAL 66 1    0   VAL 50 2    4     0    0  0  0   4.11
  VAL 66 1    0   ASP 44 2    4     0    0  0  0   3.84
  VAL 66 1    0   ALA 47 2    4     0    0  0  0   3.76
  VAL 66 1    0   ASN 48 2    4     0    0  0  0   4.56
  VAL 66 1    0   PRO 49 2    4     0    0  0  0   4.14
  VAL 67 1    0   ASP 44 2    4     0    0  0  0   2.94
  VAL 67 1    0   SER 45 2    4     0    0  0  0   3.77
  HIS 69 1    0   ASP 29 3    4     0    0  0  0   4.67
  HIS 69 1    0   PRO 32 3    4     0    0  0  0   3.56
  HIS 69 1    0   SER 45 2    4     0    0  0  0   2.75
  HIS 69 1    0   GLU 46 2    4     0    0  0  0   4.93
  ARG 70 1    0   ASP 29 3    4     0    0  0  0   3.55
  SER 71 1    0   ASP 29 3    4     0    0  0  0   2.92
  SER 73 1    0   GLU 27 3    4     0    0  0  0   2.74
  SER 73 1    0   PHE 28 3    4     0    0  0  0   4.21
  SER 73 1    0   ASP 29 3    4     0    0  0  0   3.96
  GLU 74 1    0   PRO 26 3    4     0    0  0  0   3.81
  GLU 74 1    0   PHE 28 3    4     0    0  0  0   3.12
  GLU 74 1    0   GLU 27 3    4     0    0  0  0   3.27
  GLU 74 1    0   ASP 29 3    4     0    0  0  0   3.85
  GLU 74 1    0   LEU 25 3    4     0    0  0  0   5
  GLU 78 1    0   GLU 14 4    1     0    0  0  0   3.47
  SER 79 1    0   GLU 27 3    4     0    0  0  0   3.39
  ALA 82 1    0   PRO 26 3    4     0    0  0  0   4.91
  ARG 83 1    0  SER 179 1    4     0    0  0  0   3.33
  ARG 83 1    0  THR 177 1    4     0    0  0  0   4.74
  ARG 83 1    0  SER 178 1    4     0    0  0  0   3.11
  ARG 83 1    0  ASN 180 1    4     0    0  0  0   4.33
  ARG 83 1    0  PRO 181 1    4     0    0  0  0   4.52
  ARG 83 1    0   ALA 24 3    4     0    0  0  0   4.11
  ARG 83 1    0   PRO 26 3    4     0    0  0  0   3.2
  ARG 83 1    0   LEU 25 3    4     0    0  0  0   4.46
  GLY 84 1    0  SER 178 1    4     0    0  0  0   4.29
  GLY 84 1    0  THR 177 1    4     0    0  0  0   3.32
  GLY 84 1    0  GLN 176 1    4     0    0  0  0   4.32
  ALA 85 1    0  SER 178 1    4     0    0  0  0   3.63
  ALA 85 1    0  GLN 176 1    4     0    0  0  0   3.69
  ALA 85 1    0  THR 177 1    4     0    0  0  0   4.54
  CYS 86 1    0  GLN 176 1    4     0    0  0  0   3
 THR 115 1    0  GLN 176 1    4     0    0  0  0   3.52
 VAL 116 1    0  GLN 176 1    4     0    0  0  0   3.48
 GLN 117 1    0  GLN 176 1    4     0    0  0  0   3.15
 GLN 117 1    0  TYR 173 1    4     0    0  0  0   4.07
 GLN 117 1    0  SER 178 1    4     0    0  0  0   3.06
 GLN 117 1    0  THR 174 1    4     0    0  0  0   4.32
 GLN 117 1    0  THR 177 1    4     0    0  0  0   3.36
 LEU 118 1    0  GLN 176 1    4     0    0  0  0   4.86
 LEU 118 1    0  SER 178 1    4     0    0  0  0   3.8
 LYS 121 1    0  SER 178 1    4     0    0  0  0   3.31
 LYS 121 1    0  SER 179 1    4     0    0  0  0   3.12
 ARG 129 1    0   ALA 12 4    1     0    0  0  0   3.89
 ARG 129 1    0   GLY 11 4    1     0    0  0  0   3.6
 PHE 130 1    0   ALA 12 4    1     0    0  0  0   4.65
 ASP 131 1    0   ALA 12 4    1     0    0  0  0   3.99
 THR 135 1    0    PRO 8 3    1     0    0  0  0   4.51
 VAL 137 1    0  VAL 245 1    4     0    0  0  0   4.91
 VAL 137 1    0  VAL 154 1    4     0    0  0  0   3.9
 VAL 137 1    0  PHE 184 1    4     0    0  0  0   4.03
 VAL 138 1    0  VAL 154 1    4     0    0  0  0   4
 THR 139 1    0  ASN 246 1    4     0    0  0  0   3.69
 THR 139 1    0  VAL 245 1    4     0    0  0  0   4.05
 THR 139 1    0  VAL 154 1    4     0    0  0  0   3.57
 ALA 140 1    0  LEU 151 1    4     0    0  0  0   3.61
 ALA 140 1    0  ASN 246 1    4     0    0  0  0   2.97
 ALA 140 1    0  ASN 249 1    4     0    0  0  0   4.92
 ALA 140 1    0  ASN 152 1    4     0    0  0  0   4.77
 ASN 141 1    0  ASN 249 1    4     0    0  0  0   3.48
 ASN 141 1    0  HIS 248 1    4     0    0  0  0   3.29
 ASN 141 1    0  ASP 247 1    4     0    0  0  0   3.32
 ASN 141 1    0  LEU 151 1    4     0    0  0  0   3.85
 PHE 142 1    0  ASN 249 1    4     0    0  0  0   2.87
 PHE 142 1    0  PRO 250 1    4     0    0  0  0   3.07
 PHE 142 1    0  LEU 151 1    4     0    0  0  0   3.8
 PHE 142 1    0  HIS 248 1    4     0    0  0  0   3.61
 PHE 142 1    0  HIS 149 1    4     0    0  0  0   3.22
 PHE 142 1    0  ALA 150 1    4     0    0  0  0   3.9
 THR 143 1    0  PRO 250 1    4     0    0  0  0   3.88
 GLU 144 1    0  PRO 250 1    4     0    0  0  0   3.75
 THR 145 1    0  PRO 250 1    4     0    0  0  0   4.06
 THR 145 1    0  ASN 146 1    4     0    0  0  0   4.42
 THR 145 1    0  GLY 148 1    4     0    0  0  0   4.89
 ASN 146 1    0  THR 145 1    1     0    0  0  0   4.42
 ASN 146 1    0  ASN 147 1    1     0    0  0  0   2.99
 ASN 147 1    0  ASN 147 1    1     0    0  0  0   2.29
 ASN 147 1    0  GLY 148 1    4     0    0  0  0   3.35
 ASN 147 1    0  ASN 147 1    4     0    0  0  0   2.29
 ASN 147 1    0  ASN 146 1    4     0    0  0  0   2.99
 ASN 147 1    0  ASN 147 1    3     0    0  0  0   3.7
 ASN 147 1    0  ASN 147 1    2     0    0  0  0   3.7
 GLY 148 1    0  THR 145 1    1     0    0  0  0   4.89
 GLY 148 1    0  ASN 147 1    1     0    0  0  0   3.36
 HIS 149 1    0  PHE 142 1    1     0    0  0  0   3.22
 HIS 149 1    0  HIS 149 1    1     0    0  0  0   3.12
 HIS 149 1    0  LEU 151 1    4     0    0  0  0   4.71
 HIS 149 1    0  HIS 149 1    4     0    0  0  0   3.12
 ALA 150 1    0  PHE 142 1    1     0    0  0  0   3.9
 ALA 150 1    0  LEU 151 1    4     0    0  0  0   4.95
 LEU 151 1    0  PHE 142 1    1     0    0  0  0   3.8
 LEU 151 1    0  ALA 140 1    1     0    0  0  0   3.61
 LEU 151 1    0  ASN 141 1    1     0    0  0  0   3.85
 LEU 151 1    0  TYR 187 1    1     0    0  0  0   4.43
 LEU 151 1    0  VAL 253 1    1     0    0  0  0   3.53
 LEU 151 1    0  GLN 153 1    1     0    0  0  0   4.95
 LEU 151 1    0  HIS 149 1    1     0    0  0  0   4.71
 LEU 151 1    0  ALA 150 1    1     0    0  0  0   4.95
 ASN 152 1    0  TYR 187 1    1     0    0  0  0   2.71
 ASN 152 1    0  ALA 140 1    1     0    0  0  0   4.77
 ASN 152 1    0  GLY 188 1    1     0    0  0  0   4.55
 GLN 153 1    0  TYR 187 1    1     0    0  0  0   4.9
 GLN 153 1    0  LEU 151 1    4     0    0  0  0   4.95
 VAL 154 1    0  THR 139 1    1     0    0  0  0   3.57
 VAL 154 1    0  VAL 137 1    1     0    0  0  0   3.9
 VAL 154 1    0  VAL 138 1    1     0    0  0  0   4
 GLN 156 1    0  TYR 260 1    1     0    0  0  0   4.84
 TYR 159 1    0  LEU 224 3    1     0    0  0  0   4.03
 PRO 161 1    0  ARG 226 3    1     0    0  0  0   3.57
 PRO 161 1    0  THR 108 3    1     0    0  0  0   3.35
 PRO 161 1    0  LEU 224 3    1     0    0  0  0   3.73
 PRO 161 1    0  LEU 225 3    1     0    0  0  0   3.92
 PRO 162 1    0  ARG 226 3    1     0    0  0  0   3.52
 PRO 162 1    0  ILE 180 3    1     0    0  0  0   3.88
 PRO 162 1    0  THR 108 3    1     0    0  0  0   3.57
 PRO 162 1    0  THR 179 3    1     0    0  0  0   4.27
 PRO 162 1    0  GLN 178 3    1     0    0  0  0   4.23
 GLY 163 1    0  ARG 226 3    1     0    0  0  0   3.24
 GLY 163 1    0  ILE 180 3    1     0    0  0  0   3.35
 GLY 163 1    0  ASP 227 3    1     0    0  0  0   4.69
 GLY 163 1    0  THR 229 3    1     0    0  0  0   3.18
 ALA 164 1    0  ASP 227 3    1     0    0  0  0   3.34
 ALA 164 1    0  THR 229 3    1     0    0  0  0   4.25
 ALA 164 1    0  ARG 226 3    1     0    0  0  0   3.44
 PRO 165 1    0  ASP 227 3    1     0    0  0  0   3.56
 PRO 165 1    0  THR 228 3    1     0    0  0  0   3.27
 PRO 165 1    0  THR 229 3    1     0    0  0  0   3.64
 GLU 168 1    0  LYS 234 3    1     0    0  0  0   4.88
 TRP 170 1    0  ARG 258 1    1     0    0  0  0   4.54
 TYR 173 1    0  GLU 232 3    1     0    0  0  0   3.44
 TYR 173 1    0  GLN 233 3    1     0    0  0  0   3.25
 TYR 173 1    0  LYS 234 3    1     0    0  0  0   3.56
 TYR 173 1    0  ILE 231 3    1     0    0  0  0   3.79
 TYR 173 1    0  GLN 117 1    1     0    0  0  0   4.07
 THR 174 1    0  GLN 117 1    1     0    0  0  0   4.32
 THR 174 1    0  ASP 227 3    1     0    0  0  0   4.94
 TRP 175 1    0  TYR 260 1    1     0    0  0  0   4.9
 GLN 176 1    0  GLN 117 1    1     0    0  0  0   3.15
 GLN 176 1    0   CYS 86 1    1     0    0  0  0   3
 GLN 176 1    0  GLN 233 3    1     0    0  0  0   2.66
 GLN 176 1    0  THR 115 1    1     0    0  0  0   3.52
 GLN 176 1    0  VAL 116 1    1     0    0  0  0   3.48
 GLN 176 1    0  LEU 118 1    1     0    0  0  0   4.86
 GLN 176 1    0   ALA 85 1    1     0    0  0  0   3.69
 GLN 176 1    0  TYR 260 1    1     0    0  0  0   4.58
 GLN 176 1    0   GLY 84 1    1     0    0  0  0   4.32
 THR 177 1    0  GLN 117 1    1     0    0  0  0   3.36
 THR 177 1    0  ASP 227 3    1     0    0  0  0   3.6
 THR 177 1    0  TYR 260 1    1     0    0  0  0   4.9
 THR 177 1    0   GLY 84 1    1     0    0  0  0   3.32
 THR 177 1    0   THR 15 3    1     0    0  0  0   4.52
 THR 177 1    0   ALA 85 1    1     0    0  0  0   4.54
 THR 177 1    0   ARG 83 1    1     0    0  0  0   4.74
 SER 178 1    0  ASP 227 3    1     0    0  0  0   2.63
 SER 178 1    0  GLN 117 1    1     0    0  0  0   3.05
 SER 178 1    0  LYS 121 1    1     0    0  0  0   3.31
 SER 178 1    0  LEU 118 1    1     0    0  0  0   3.8
 SER 178 1    0   ALA 85 1    1     0    0  0  0   3.63
 SER 178 1    0   GLY 84 1    1     0    0  0  0   4.29
 SER 178 1    0   ARG 83 1    1     0    0  0  0   3.1
 SER 179 1    0  ASP 227 3    1     0    0  0  0   3.2
 SER 179 1    0  TYR 106 3    1     0    0  0  0   3.96
 SER 179 1    0  ARG 226 3    1     0    0  0  0   3.28
 SER 179 1    0  LYS 121 1    1     0    0  0  0   3.12
 SER 179 1    0  LEU 225 3    1     0    0  0  0   3.76
 SER 179 1    0   ARG 83 1    1     0    0  0  0   3.33
 ASN 180 1    0  ASP 227 3    1     0    0  0  0   2.84
 ASN 180 1    0  ARG 226 3    1     0    0  0  0   3.58
 ASN 180 1    0  LEU 225 3    1     0    0  0  0   4.84
 ASN 180 1    0   ARG 83 1    1     0    0  0  0   4.33
 ASN 180 1    0   THR 15 3    1     0    0  0  0   3.77
 PRO 181 1    0   ARG 83 1    1     0    0  0  0   4.52
 PRO 181 1    0   THR 15 3    1     0    0  0  0   3.68
 PRO 181 1    0   ALA 16 3    1     0    0  0  0   4.31
 PRO 181 1    0   LEU 14 3    1     0    0  0  0   4.31
 PRO 181 1    0  LEU 225 3    1     0    0  0  0   4.85
 SER 182 1    0   TYR 13 3    1     0    0  0  0   3.34
 SER 182 1    0   THR 15 3    1     0    0  0  0   2.82
 SER 182 1    0   LEU 14 3    1     0    0  0  0   3.22
 SER 182 1    0   ALA 16 3    1     0    0  0  0   4.89
 ILE 183 1    0   TYR 13 3    1     0    0  0  0   3.31
 ILE 183 1    0   LEU 14 3    1     0    0  0  0   4.2
 ILE 183 1    0   GLN 12 3    1     0    0  0  0   4.01
 PHE 184 1    0  TYR 260 1    1     0    0  0  0   3.04
 PHE 184 1    0  VAL 137 1    1     0    0  0  0   4.03
 PHE 184 1    0   GLN 12 3    1     0    0  0  0   3.75
 PHE 184 1    0   TYR 13 3    1     0    0  0  0   2.74
 PHE 184 1    0   THR 15 3    1     0    0  0  0   3.81
 PHE 184 1    0   LEU 14 3    1     0    0  0  0   4.85
 PHE 184 1    0   ASN 11 3    1     0    0  0  0   4.68
 PHE 184 1    0  PRO 191 1    1     0    0  0  0   4.85
 THR 186 1    0  THR 189 1    1     0    0  0  0   4.16
 THR 186 1    0  GLY 188 1    1     0    0  0  0   3.4
 THR 186 1    0  PRO 191 1    1     0    0  0  0   4.42
 THR 186 1    0   ASN 11 3    1     0    0  0  0   4.9
 TYR 187 1    0  LEU 151 1    4     0    0  0  0   4.43
 TYR 187 1    0  ASN 152 1    4     0    0  0  0   2.71
 TYR 187 1    0  ASN 246 1    4     0    0  0  0   3.43
 TYR 187 1    0  GLN 153 1    4     0    0  0  0   4.9
 GLY 188 1    0  THR 186 1    4     0    0  0  0   3.4
 GLY 188 1    0  ASN 152 1    4     0    0  0  0   4.55
 GLY 188 1    0  THR 189 1    4     0    0  0  0   4.53
 THR 189 1    0   SER 10 3    1     0    0  0  0   4.21
 THR 189 1    0   ASN 11 3    1     0    0  0  0   4.07
 THR 189 1    0  GLY 188 1    1     0    0  0  0   4.53
 THR 189 1    0  THR 186 1    4     0    0  0  0   4.16
 ALA 190 1    0   SER 10 3    1     0    0  0  0   3.95
 ALA 190 1    0    GLY 9 3    1     0    0  0  0   4.62
 ALA 190 1    0    PRO 8 3    1     0    0  0  0   4.34
 ALA 190 1    0    THR 7 3    1     0    0  0  0   3.99
 PRO 191 1    0    GLY 9 3    1     0    0  0  0   2.86
 PRO 191 1    0    PRO 8 3    1     0    0  0  0   3.41
 PRO 191 1    0   SER 10 3    1     0    0  0  0   4.76
 PRO 191 1    0  THR 186 1    4     0    0  0  0   4.42
 PRO 191 1    0  PHE 184 1    4     0    0  0  0   4.85
 ALA 192 1    0   GLN 12 3    1     0    0  0  0   3.36
 ALA 192 1    0    GLY 9 3    1     0    0  0  0   4.18
 ARG 193 1    0    PRO 8 3    1     0    0  0  0   3.42
 ARG 193 1    0   GLN 12 3    1     0    0  0  0   2.83
 ARG 193 1    0    GLY 9 3    1     0    0  0  0   3.69
 ILE 194 1    0   GLN 12 3    1     0    0  0  0   4.15
 ILE 194 1    0   LEU 14 3    1     0    0  0  0   3.86
 TYR 198 1    0   ALA 12 4    1     0    0  0  0   4.08
 VAL 199 1    0  ARG 223 3    1     0    0  0  0   3.83
 VAL 199 1    0  HIS 109 3    1     0    0  0  0   3.69
 VAL 199 1    0  LEU 224 3    1     0    0  0  0   4.77
 GLY 200 1    0  ARG 223 3    1     0    0  0  0   2.83
 GLY 200 1    0  THR 175 3    1     0    0  0  0   4.7
 ILE 201 1    0  THR 174 3    1     0    0  0  0   3.53
 ILE 201 1    0  TYR 176 3    1     0    0  0  0   3.51
 ILE 201 1    0  THR 175 3    1     0    0  0  0   2.84
 ILE 201 1    0  HIS 109 3    1     0    0  0  0   3.32
 ILE 201 1    0  ARG 223 3    1     0    0  0  0   3.6
 ILE 201 1    0  PHE 184 3    1     0    0  0  0   4.39
 ILE 201 1    0  GLN 178 3    1     0    0  0  0   4.63
 ILE 201 1    0  THR 185 3    1     0    0  0  0   3.62
 SER 202 1    0  THR 174 3    1     0    0  0  0   4.35
 SER 202 1    0  THR 175 3    1     0    0  0  0   4.34
 ASN 203 1    0  THR 175 3    1     0    0  0  0   3.6
 TYR 209 1    0  PHE 184 3    1     0    0  0  0   3.55
 PHE 212 1    0  PHE 184 3    1     0    0  0  0   4.9
 SER 213 1    0  SER 183 3    1     0    0  0  0   3.1
 SER 213 1    0  PHE 184 3    1     0    0  0  0   3.73
 SER 213 1    0  GLU 186 3    1     0    0  0  0   4.68
 LYS 214 1    0  SER 183 3    1     0    0  0  0   3.43
 VAL 215 1    0  GLY 138 3    1     0    0  0  0   4.3
 LEU 217 1    0  ASP 140 3    1     0    0  0  0   3.73
 LEU 217 1    0  ALA 139 3    1     0    0  0  0   3.63
 LEU 217 1    0  PRO 141 3    1     0    0  0  0   4.48
 LEU 217 1    0  GLY 138 3    1     0    0  0  0   4.24
 ASP 219 1    0  ASP 140 3    1     0    0  0  0   3.41
 ALA 232 1    0  PHE 184 3    1     0    0  0  0   3.69
 ALA 232 1    0  ASP 182 3    1     0    0  0  0   4.38
 SER 233 1    0  ASP 182 3    1     0    0  0  0   3.75
 SER 233 1    0  PHE 184 3    1     0    0  0  0   4.07
 SER 233 1    0  GLN 178 3    1     0    0  0  0   3.91
 LEU 234 1    0  ASP 182 3    1     0    0  0  0   3.73
 ASN 235 1    0  GLN 178 3    1     0    0  0  0   3.58
 ASP 236 1    0  GLN 178 3    1     0    0  0  0   4.36
 ARG 243 1    0  ARG 258 1    1     0    0  0  0   3.99
 ARG 243 1    0  TYR 260 1    1     0    0  0  0   4.85
 VAL 245 1    0  ARG 258 1    1     0    0  0  0   3.46
 VAL 245 1    0  THR 139 1    1     0    0  0  0   4.05
 VAL 245 1    0  VAL 137 1    1     0    0  0  0   4.91
 ASN 246 1    0  THR 139 1    1     0    0  0  0   3.69
 ASN 246 1    0  ALA 140 1    1     0    0  0  0   2.97
 ASN 246 1    0  TYR 187 1    1     0    0  0  0   3.43
 ASP 247 1    0  ASN 141 1    1     0    0  0  0   3.32
 ASP 247 1    0  LYS 256 1    1     0    0  0  0   3.03
 ASP 247 1    0  ARG 258 1    1     0    0  0  0   4.9
 ASP 247 1    0  THR 254 1    1     0    0  0  0   4.81
 HIS 248 1    0  ASN 141 1    1     0    0  0  0   3.29
 HIS 248 1    0  PHE 142 1    1     0    0  0  0   3.61
 ASN 249 1    0  ASN 141 1    1     0    0  0  0   3.48
 ASN 249 1    0  PHE 142 1    1     0    0  0  0   2.87
 ASN 249 1    0  ALA 140 1    1     0    0  0  0   4.92
 PRO 250 1    0  GLU 144 1    1     0    0  0  0   3.75
 PRO 250 1    0  THR 145 1    1     0    0  0  0   4.06
 PRO 250 1    0  THR 143 1    1     0    0  0  0   3.88
 PRO 250 1    0  PHE 142 1    1     0    0  0  0   3.07
 VAL 253 1    0  LEU 151 1    4     0    0  0  0   3.53
 THR 254 1    0  ASP 247 1    4     0    0  0  0   4.81
 LYS 256 1    0  ASP 247 1    4     0    0  0  0   3.03
 ARG 258 1    0  ASP 247 1    4     0    0  0  0   4.9
 ARG 258 1    0  VAL 245 1    4     0    0  0  0   3.46
 ARG 258 1    0  TRP 170 1    4     0    0  0  0   4.54
 ARG 258 1    0  ARG 243 1    4     0    0  0  0   3.99
 TYR 260 1    0  GLN 176 1    4     0    0  0  0   4.58
 TYR 260 1    0  PHE 184 1    4     0    0  0  0   3.04
 TYR 260 1    0  THR 177 1    4     0    0  0  0   4.9
 TYR 260 1    0  ARG 243 1    4     0    0  0  0   4.85
 TYR 260 1    0  TRP 175 1    4     0    0  0  0   4.9
 TYR 260 1    0  GLN 156 1    4     0    0  0  0   4.84
 HIS 265 1    0   ALA 12 4    1     0    0  0  0   4.14
 HIS 265 1    0   GLU 14 4    1     0    0  0  0   3.69
 HIS 265 1    0   HIS 13 4    1     0    0  0  0   3.53
 ILE 266 1    0   HIS 13 4    1     0    0  0  0   4.67
 ILE 266 1    0   GLU 14 4    1     0    0  0  0   4.3
 ARG 267 1    0   HIS 13 4    1     0    0  0  0   3.46
 ARG 267 1    0   GLU 14 4    1     0    0  0  0   4.15
 ASP 288 1   18  THR 168 2    6     3    0  0 -1   4.27
   GLU 5 2    0    ALA 6 2    4     1    0  0  0   3.69
   GLU 5 2    0   ASN 69 4   12     0    0  0  0   4.71
   ALA 6 2    0    ALA 6 2    4     1    0  0  0   4.06
   ALA 6 2    0    GLU 5 2   12     0    0  0  0   3.69
   ALA 6 2    0   ASN 69 4   12     0    0  0  0   4.13
   ALA 6 2    0    ALA 6 2   12     0    0  0  0   4.06
   CYS 7 2    0   PRO 66 4   12     0    0  0  0   3.57
   CYS 7 2    0   ALA 65 4   12     0    0  0  0   3.52
   CYS 7 2    0   ASN 69 4   12     0    0  0  0   3.91
   CYS 7 2    0   ILE 62 4   12     0    0  0  0   4.01
   GLY 8 2    0   PRO 66 4   12     0    0  0  0   3.45
   GLY 8 2    0   ASN 69 4   12     0    0  0  0   3.17
   TYR 9 2    0   THR 64 4   12     0    0  0  0   2.71
   TYR 9 2    0   ILE 41 1   12     0    0  0  0   4.87
   TYR 9 2    0   LYS 39 1   12     0    0  0  0   3.28
   TYR 9 2    0   GLU 40 1   12     0    0  0  0   3.98
   TYR 9 2    0   PRO 66 4   12     0    0  0  0   4.34
   TYR 9 2    0   ALA 65 4   12     0    0  0  0   3.5
   TYR 9 2    0   ILE 62 4   12     0    0  0  0   4.16
  SER 10 2    0   LYS 39 1   12     0    0  0  0   3.52
  ASP 11 2    0   LYS 39 1   12     0    0  0  0   4.06
  VAL 13 2    0   LEU 44 1   12     0    0  0  0   3.83
  VAL 13 2    0   ILE 41 1   12     0    0  0  0   3.86
  VAL 13 2    0   SER 38 1   12     0    0  0  0   4.34
  VAL 13 2    0   LYS 39 1   12     0    0  0  0   3.59
  LEU 14 2    0   HIS 37 1   12     0    0  0  0   4.6
  LEU 14 2    0   SER 38 1   12     0    0  0  0   3.48
  LEU 14 2    0   ILE 41 1   12     0    0  0  0   3.84
  LEU 14 2    0   LYS 39 1   12     0    0  0  0   4.03
  GLN 15 2    0   THR 60 1   12     0    0  0  0   4.3
  GLN 15 2    0   ALA 43 1   12     0    0  0  0   3.13
  GLN 15 2    0   PRO 42 1   12     0    0  0  0   3.03
  GLN 15 2    0   ASP 59 1   12     0    0  0  0   3.12
  GLN 15 2    0   ILE 41 1   12     0    0  0  0   3.59
  GLN 15 2    0   GLU 40 1   12     0    0  0  0   3.31
  GLN 15 2    0   LEU 44 1   12     0    0  0  0   4.75
  GLN 15 2    0   SER 38 1   12     0    0  0  0   3.11
  GLN 15 2    0   THR 36 1   12     0    0  0  0   4.1
  GLN 15 2    0   HIS 37 1   12     0    0  0  0   3.71
  LEU 16 2    0   THR 36 1   12     0    0  0  0   3.33
  LEU 16 2    0   HIS 37 1   12     0    0  0  0   3.31
  LEU 16 2    0   SER 38 1   12     0    0  0  0   4.68
  THR 17 2    0   THR 60 1   12     0    0  0  0   3.29
  THR 17 2    0   GLN 62 1   12     0    0  0  0   4.52
  THR 17 2    0   VAL 61 1   12     0    0  0  0   3.97
  THR 17 2    0   THR 36 1   12     0    0  0  0   2.7
  THR 17 2    0   HIS 37 1   12     0    0  0  0   4.78
  THR 17 2    0   PRO 35 1   12     0    0  0  0   3.15
  THR 17 2    0   GLY 34 1   12     0    0  0  0   4.59
  THR 17 2    0   ASP 59 1   12     0    0  0  0   4.69
  LEU 18 2    0   GLN 62 1   12     0    0  0  0   3.96
  LEU 18 2    0   PRO 35 1   12     0    0  0  0   3.92
  LEU 18 2    0   THR 36 1   12     0    0  0  0   4.95
  GLY 19 2    0   GLN 62 1   12     0    0  0  0   2.81
  GLY 19 2    0   VAL 61 1   12     0    0  0  0   3.64
  GLY 19 2    0   THR 60 1   12     0    0  0  0   4.97
  ASN 20 2    0  HIS 153 3   12     0    0  0  0   2.95
  ASN 20 2    0  GLY 151 3   12     0    0  0  0   3.26
  ASN 20 2    0  THR 152 3   12     0    0  0  0   3.21
  ASN 20 2    0   THR 60 1   12     0    0  0  0   4.79
  ASN 20 2    0   VAL 61 1   12     0    0  0  0   3.92
  ASN 20 2    0  LEU 150 3   12     0    0  0  0   3.82
  ASN 20 2    0   GLN 62 1   12     0    0  0  0   4.81
  ASN 20 2    0  LEU 263 2   11     0    0  0  0   3.36
  SER 21 2    0  HIS 153 3   12     0    0  0  0   3.53
  SER 21 2    0   THR 60 1   12     0    0  0  0   4.35
  SER 21 2    0   VAL 61 1   12     0    0  0  0   4.85
  THR 22 2    0  VAL 154 3   12     0    0  0  0   3.33
  THR 22 2    0   THR 60 1   12     0    0  0  0   2.6
  THR 22 2    0  HIS 153 3   12     0    0  0  0   2.89
  THR 22 2    0  ILE 155 3   12     0    0  0  0   2.8
  THR 22 2    0   ALA 43 1   12     0    0  0  0   4.6
  THR 22 2    0   VAL 61 1   12     0    0  0  0   4.67
  ILE 23 2    0  ILE 155 3   12     0    0  0  0   3.73
  THR 24 2    0  LYS 129 3   12     0    0  0  0   4.99
  THR 24 2    0  ASP 157 3   12     0    0  0  0   3.02
  THR 24 2    0  ILE 155 3   12     0    0  0  0   2.75
  THR 24 2    0  TRP 156 3   12     0    0  0  0   3.47
  THR 24 2    0  CYS 164 3   12     0    0  0  0   4.71
  THR 24 2    0   LEU 44 1   12     0    0  0  0   3.83
  THR 24 2    0  VAL 154 3   12     0    0  0  0   4.33
  THR 24 2    0   ALA 43 1   12     0    0  0  0   4.01
  THR 25 2    0  LYS 129 3   12     0    0  0  0   4.35
  THR 25 2    0  ASP 157 3   12     0    0  0  0   3.58
  THR 25 2    0   LEU 44 1   12     0    0  0  0   4.4
  GLN 26 2    0  ASP 157 3   12     0    0  0  0   2.89
  GLN 26 2    0  ILE 158 3   12     0    0  0  0   3.96
  GLN 26 2    0   LEU 44 1   12     0    0  0  0   3.65
  GLN 26 2    0  TRP 156 3   12     0    0  0  0   4.93
  GLN 26 2    0  GLY 159 3   12     0    0  0  0   3.31
  GLN 26 2    0  LEU 160 3   12     0    0  0  0   3.28
  GLN 26 2    0  GLN 161 3   12     0    0  0  0   2.85
  GLN 26 2    0  SER 162 3   12     0    0  0  0   4.99
  GLU 27 2    0  ILE 158 3   12     0    0  0  0   4.86
  GLU 27 2    0  ASP 157 3   12     0    0  0  0   3.79
  SER 31 2    0   HIS 37 1   12     0    0  0  0   2.89
  TRP 38 2    0   HIS 37 1   12     0    0  0  0   3.93
  LEU 42 2    0   ARG 64 1    1     0    0  0  0   2.88
  ARG 43 2    0   ARG 64 1    1     0    0  0  0   3.42
  ASP 44 2    0   ARG 64 1    1     0    0  0  0   2.83
  ASP 44 2    0   HIS 65 1    1     0    0  0  0   2.87
  ASP 44 2    0   VAL 66 1    1     0    0  0  0   3.84
  ASP 44 2    0   VAL 67 1    1     0    0  0  0   2.94
  SER 45 2    0   HIS 69 1    1     0    0  0  0   2.75
  SER 45 2    0   VAL 67 1    1     0    0  0  0   3.77
  GLU 46 2    0   HIS 69 1    1     0    0  0  0   4.93
  ALA 47 2    0   VAL 66 1    1     0    0  0  0   3.76
  ALA 47 2    0   ARG 64 1    1     0    0  0  0   3.67
  ALA 47 2    0   HIS 65 1    1     0    0  0  0   4.34
  ASN 48 2    0  SER 172 3    1     0    0  0  0   3.29
  ASN 48 2    0  TRP 170 3    1     0    0  0  0   2.93
  ASN 48 2    0  THR 174 3    1     0    0  0  0   3.24
  ASN 48 2    0  ASN 173 3    1     0    0  0  0   3.63
  ASN 48 2    0  THR 175 3    1     0    0  0  0   4.03
  ASN 48 2    0   VAL 66 1    1     0    0  0  0   4.56
  PRO 49 2    0  ILE 171 3    1     0    0  0  0   4.02
  PRO 49 2    0  SER 172 3    1     0    0  0  0   4.06
  PRO 49 2    0  TRP 170 3    1     0    0  0  0   3.36
  PRO 49 2    0   VAL 66 1    1     0    0  0  0   4.14
  PRO 49 2    0   ARG 64 1    1     0    0  0  0   4.02
  VAL 50 2    0  ILE 171 3    1     0    0  0  0   4.95
  VAL 50 2    0  TRP 170 3    1     0    0  0  0   2.9
  VAL 50 2    0   VAL 66 1    1     0    0  0  0   4.11
  VAL 50 2    0   GLN 62 1    1     0    0  0  0   4.54
  VAL 50 2    0   THR 63 1    1     0    0  0  0   3.45
  VAL 50 2    0   ARG 64 1    1     0    0  0  0   3.02
  VAL 50 2    0   THR 30 1    1     0    0  0  0   3.52
  VAL 50 2    0  PRO 169 3    1     0    0  0  0   3.74
  VAL 50 2    0   PRO 57 1    1     0    0  0  0   3.95
  VAL 50 2    0  SER 113 3    1     0    0  0  0   4.36
  VAL 50 2    0  ASP 219 3    1     0    0  0  0   4.85
  ASP 51 2    0  ILE 171 3    1     0    0  0  0   3.56
  ASP 51 2    0   GLN 62 1    1     0    0  0  0   3.65
  ASP 51 2    0   THR 63 1    1     0    0  0  0   4.28
  ASP 51 2    0   ARG 64 1    1     0    0  0  0   3.94
  ASP 51 2    0  TRP 170 3    1     0    0  0  0   4.62
  GLN 52 2    0   GLN 62 1    1     0    0  0  0   2.92
  GLN 52 2    0   THR 63 1    1     0    0  0  0   3.71
  GLN 52 2    0   ARG 64 1    1     0    0  0  0   3.81
  GLN 52 2    0   VAL 58 2   11     0    0  0  0   3.64
  GLN 52 2    0   ASP 57 2   11     0    0  0  0   4.17
  PRO 53 2    0   ARG 64 1    1     0    0  0  0   3.79
  PRO 53 2    0   VAL 58 2   11     0    0  0  0   3.7
  PRO 53 2    0   ASP 57 2   11     0    0  0  0   4.52
  THR 54 2    0   VAL 58 2   11     0    0  0  0   3.96
  THR 54 2    0   ALA 59 2   11     0    0  0  0   3.52
  THR 54 2    0   PRO 56 2   11     0    0  0  0   4.34
  GLU 55 2    0   GLU 55 2   11     0    0  0  0   4.86
  PRO 56 2    0   THR 54 2   11     0    0  0  0   4.34
  ASP 57 2    0   PRO 53 2   11     0    0  0  0   4.52
  ASP 57 2    0   GLN 52 2   11     0    0  0  0   4.17
  VAL 58 2    0   GLN 62 1   12     0    0  0  0   3.6
  VAL 58 2    0  LEU 263 2   11     0    0  0  0   4.1
  VAL 58 2    0   THR 54 2   11     0    0  0  0   3.96
  VAL 58 2    0   PRO 53 2   11     0    0  0  0   3.7
  VAL 58 2    0   GLN 52 2   11     0    0  0  0   3.64
  ALA 59 2    0  LEU 263 2   11     0    0  0  0   3.9
  ALA 59 2    0   THR 54 2   11     0    0  0  0   3.52
  ALA 59 2    0   ASN 95 2   11     0    0  0  0   4.71
  ALA 59 2    0   HIS 99 2   11     0    0  0  0   4.83
  ARG 62 2    0  LEU 150 3   12     0    0  0  0   3.31
  ARG 62 2    0  MET 149 3   12     0    0  0  0   2.72
  ARG 62 2    0  GLY 151 3   12     0    0  0  0   2.95
  ARG 62 2    0  HIS 153 3   12     0    0  0  0   3.59
  ARG 62 2    0  THR 152 3   12     0    0  0  0   4.85
  ARG 62 2    0  LEU 263 2   11     0    0  0  0   3.65
  PHE 63 2    0  MET 149 3   12     0    0  0  0   4.07
  PHE 63 2    0  HIS 153 3   12     0    0  0  0   3.53
  TYR 64 2    0  MET 149 3   12     0    0  0  0   3.7
  TYR 64 2    0  LEU 150 3   12     0    0  0  0   3.66
  THR 65 2    0  ARG 145 3   12     0    0  0  0   3.5
  THR 65 2    0  MET 149 3   12     0    0  0  0   2.91
  THR 65 2    0  GLN 195 3   12     0    0  0  0   3.36
  THR 65 2    0  LEU 131 3   12     0    0  0  0   4.45
  THR 65 2    0  ILE 155 3   12     0    0  0  0   4.26
  LEU 66 2    0  ARG 145 3   12     0    0  0  0   2.95
  LEU 66 2    0  MET 149 3   12     0    0  0  0   4.99
  ASP 67 2    0   ASP 79 3   12     0    0  0  0   4.14
  ASP 67 2    0  LYS 146 3   12     0    0  0  0   2.85
  ASP 67 2    0  ARG 145 3   12     0    0  0  0   4.06
  THR 68 2    0   HIS 77 3   12     0    0  0  0   3.35
  THR 68 2    0  ARG 145 3   12     0    0  0  0   2.93
  THR 68 2    0  GLN 195 3   12     0    0  0  0   3.68
  THR 68 2    0   ASP 79 3   12     0    0  0  0   4.83
  GLU 74 2    6  SER 241 2   18     3   -1  0 -1   4.01
  GLU 74 2   18  THR 162 2    6     3    0  0 -1   3.04
  GLU 74 2    3  SER 241 2   21     3   -1  0  0   4.13
  MET 89 2    0  MET 149 3   12     0    0  0  0   3.64
  MET 89 2    0  LEU 150 3   12     0    0  0  0   4.97
  GLY 90 2    0  LEU 150 3   12     0    0  0  0   4.13
  GLY 90 2    0   TYR 98 2   11     0    0  0  0   3.4
  LEU 91 2    0   TYR 98 2   11     0    0  0  0   3.69
  LEU 91 2    0   GLN 94 2   11     0    0  0  0   4.05
  LEU 91 2    0   ASN 95 2   11     0    0  0  0   3.43
  LEU 91 2    0  LEU 263 2   11     0    0  0  0   3.93
  LEU 91 2    0   HIS 99 2   11     0    0  0  0   3.8
  GLN 94 2    0   GLN 94 2   11     0    0  0  0   3.3
  GLN 94 2    0   LEU 91 2   11     0    0  0  0   4.05
  GLN 94 2    0   TYR 98 2   11     0    0  0  0   4.33
  ASN 95 2    0   LEU 91 2   11     0    0  0  0   3.43
  ASN 95 2    0   ALA 59 2   11     0    0  0  0   4.71
  TYR 98 2    0  LEU 150 3    1     0    0  0  0   4.81
  TYR 98 2    0   GLY 90 2   11     0    0  0  0   3.4
  TYR 98 2    0   LEU 91 2   11     0    0  0  0   3.69
  TYR 98 2    0   GLN 94 2   11     0    0  0  0   4.33
  HIS 99 2    0   LEU 91 2   11     0    0  0  0   3.81
  HIS 99 2    0   ALA 59 2   11     0    0  0  0   4.83
 TYR 100 2    0  PRO 137 3    1     0    0  0  0   3.36
 TYR 100 2    0  PRO 136 3    1     0    0  0  0   3.84
 TYR 100 2    0  GLY 138 3    1     0    0  0  0   4.99
 TYR 100 2    0  ILE 171 3    1     0    0  0  0   3.13
 TYR 100 2    0  ARG 177 3    1     0    0  0  0   3.36
 TYR 100 2    0  SER 172 3    1     0    0  0  0   3.49
 TYR 100 2    0  ASN 173 3    1     0    0  0  0   3.04
 TYR 100 2    0  GLU 186 3    1     0    0  0  0   3.82
 LEU 101 2    0  ILE 171 3    1     0    0  0  0   4.02
 LEU 101 2    0  ASN 173 3    1     0    0  0  0   3.52
 LEU 101 2    0  SER 172 3    1     0    0  0  0   3.3
 THR 107 2    0   HIS 37 1   12     0    0  0  0   4.94
 GLN 111 2    0  THR 196 3   12     0    0  0  0   3.99
 GLN 111 2    0  LYS 129 3   12     0    0  0  0   3.7
 GLN 111 2    0  GLN 195 3   12     0    0  0  0   2.82
 GLN 111 2    0  ILE 155 3   12     0    0  0  0   3.84
 CYS 112 2    0  THR 196 3   12     0    0  0  0   4.48
 CYS 112 2    0  LYS 129 3   12     0    0  0  0   4.07
 ASN 113 2    0  VAL 199 3   12     0    0  0  0   3.82
 ASN 113 2    0  THR 196 3   12     0    0  0  0   2.74
 ASN 113 2    0  LYS 129 3   12     0    0  0  0   3.62
 ASN 113 2    0  ARG 197 3   12     0    0  0  0   3.27
 ASN 113 2    0  THR 127 3   12     0    0  0  0   2.98
 ASN 113 2    0  GLY 128 3   12     0    0  0  0   3.24
 ALA 114 2    0  VAL 199 3   12     0    0  0  0   3.26
 ALA 114 2    0  THR 127 3   12     0    0  0  0   2.75
 ALA 114 2    0  MET 125 3   12     0    0  0  0   4.93
 ALA 114 2    0  VAL 200 3   12     0    0  0  0   4.9
 SER 115 2    0  VAL 199 3   12     0    0  0  0   4.58
 SER 115 2    0  THR 127 3   12     0    0  0  0   4.45
 SER 115 2    0  PRO 201 3   12     0    0  0  0   3.68
 SER 115 2    0  VAL 200 3   12     0    0  0  0   4.38
 SER 115 2    0  MET 125 3   12     0    0  0  0   4.46
 LYS 116 2    0  MET 125 3   12     0    0  0  0   4.12
 LYS 116 2    0  MET 124 3   12     0    0  0  0   3.62
 PHE 117 2    0  PHE 117 2    4     1    0  0  0   3.92
 PHE 117 2    0  PRO 201 3   12     0    0  0  0   3.34
 PHE 117 2    0  MET 125 3   12     0    0  0  0   3.78
 PHE 117 2    0  PHE 117 2   12     0    0  0  0   3.92
 HIS 118 2    0  VAL 199 3   12     0    0  0  0   3.64
 HIS 118 2    0  VAL 200 3   12     0    0  0  0   4.14
 GLU 152 2    0  LYS 146 3   12     0    0  0  0   3.05
 GLY 159 2    6  SER 243 2   18     3   -1  0 -1   4.72
 GLY 159 2   18  ASN 166 2    6     3    0  0 -1   4.98
 THR 160 2    6  SER 244 2   18     3   -1  0 -1   3
 THR 160 2    6  SER 243 2   18     3   -1  0 -1   2.41
 THR 160 2   18  GLN 167 2    6     3    0  0 -1   3.3
 THR 160 2   18  ASN 165 2    6     3    0  0 -1   4.31
 THR 160 2   18  ASN 166 2    6     3    0  0 -1   2.43
 THR 160 2   18  THR 168 2    6     3    0  0 -1   2.72
 THR 160 2   18  SER 169 2    6     3    0  0 -1   4.55
 THR 160 2    3  SER 244 2   21     3   -1  0  0   4.38
 THR 160 2    8  SER 243 2   26     3    0  0 -1   4.74
 PHE 161 2   18  THR 168 2    6     3    0  0 -1   2.16
 THR 162 2    6   GLU 74 2   18     3   -1  0 -1   3.04
 THR 162 2   18  GLN 167 2    6     3    0  0 -1   4.2
 THR 162 2   18  THR 168 2    6     3    0  0 -1   4.21
 THR 162 2   21  THR 168 2    3     3    0  0  0   3.82
 PRO 163 2   18  THR 168 2    6     3    0  0 -1   5
 ASN 165 2    6  THR 160 2   18     3   -1  0 -1   4.31
 ASN 166 2    6  THR 160 2   18     3   -1  0 -1   2.43
 ASN 166 2    6  GLY 159 2   18     3   -1  0 -1   4.98
 ASN 166 2   14  THR 168 2   14     1    1  0  0   3.23
 ASN 166 2   14  SER 169 2   14     1    1  0  0   4.8
 GLN 167 2    6  THR 160 2   18     3   -1  0 -1   3.3
 GLN 167 2    6  THR 162 2   18     3   -1  0 -1   4.2
 GLN 167 2   14  THR 168 2   14     1    1  0  0   4.65
 THR 168 2    6  THR 160 2   18     3   -1  0 -1   2.72
 THR 168 2    6  THR 162 2   18     3   -1  0 -1   4.21
 THR 168 2    6  ASP 288 1   18     3   -1  0 -1   4.27
 THR 168 2    6  PRO 163 2   18     3   -1  0 -1   5
 THR 168 2    6  PHE 161 2   18     3   -1  0 -1   2.16
 THR 168 2    3  THR 162 2   21     3   -1  0  0   3.82
 THR 168 2   14  ASN 166 2   14     1    1  0  0   3.23
 THR 168 2   14  THR 168 2   14     1    1  0  0   4.03
 THR 168 2   14  GLN 167 2   14     1    1  0  0   4.65
 SER 169 2    6  THR 160 2   18     3   -1  0 -1   4.55
 SER 169 2   14  ASN 166 2   14     1    1  0  0   4.8
 ASN 204 2    0  LYS 129 3   12     0    0  0  0   2.91
 ASN 204 2    0  ASP 157 3   12     0    0  0  0   3
 CYS 205 2    0  LYS 129 3   12     0    0  0  0   4.6
 THR 207 2    0   HIS 37 1   12     0    0  0  0   3.89
 VAL 209 2    0   HIS 37 1   12     0    0  0  0   3.61
 LEU 216 2    0  THR 174 3    1     0    0  0  0   3.67
 LEU 216 2    0  ASN 173 3    1     0    0  0  0   3.22
 LEU 216 2    0  PHE 184 3    1     0    0  0  0   4.86
 LEU 216 2    0  THR 175 3    1     0    0  0  0   4.13
 ILE 218 2    0  ASN 173 3    1     0    0  0  0   3.26
 ILE 218 2    0  SER 172 3    1     0    0  0  0   4.35
 ASP 219 2    0  ASN 173 3    1     0    0  0  0   3.1
 ASP 219 2    0  PHE 184 3    1     0    0  0  0   4.56
 SER 220 2    0  ASN 173 3    1     0    0  0  0   4.25
 LYS 223 2    0  GLU 186 3    1     0    0  0  0   2.87
 LYS 223 2    0  SER 183 3    1     0    0  0  0   2.87
 LYS 223 2    0  PHE 184 3    1     0    0  0  0   4.18
 PHE 239 2    0  PRO 201 3   12     0    0  0  0   3.79
 PHE 239 2    0  LEU 202 3   12     0    0  0  0   3.67
 PHE 239 2    0  VAL 200 3   12     0    0  0  0   4.15
 PHE 239 2    8  SER 243 2    6     3    0  0 -1   4.57
 ALA 240 2    0  LEU 202 3   12     0    0  0  0   3.76
 SER 241 2   18   GLU 74 2    6     3    0  0 -1   4.01
 SER 241 2    8  SER 241 2    6     3    0  0 -1   3.05
 SER 241 2    8  GLU 242 2    6     3    0  0 -1   3.7
 SER 241 2    6  SER 241 2    8     3   -1  0 -1   3.05
 SER 241 2    6  GLU 242 2    8     3   -1  0 -1   3.45
 SER 241 2    3  GLU 242 2    1     3   -1  0  0   3.36
 SER 241 2    3  SER 241 2    1     3   -1  0  0   2.75
 SER 241 2    1  SER 241 2    3     3    0  0  0   2.75
 SER 241 2    1  GLU 242 2    3     3    0  0  0   3.89
 SER 241 2   21   GLU 74 2    3     3    0  0  0   4.13
 GLU 242 2    0  LEU 202 3   12     0    0  0  0   4.33
 GLU 242 2    8  SER 241 2    6     3    0  0 -1   3.45
 GLU 242 2    8  GLU 242 2    6     3    0  0 -1   3.04
 GLU 242 2    8  SER 243 2    6     3    0  0 -1   1.83
 GLU 242 2    8  SER 244 2    6     3    0  0 -1   3.42
 GLU 242 2    6  GLU 242 2    8     3   -1  0 -1   3.04
 GLU 242 2    6  SER 241 2    8     3   -1  0 -1   3.7
 GLU 242 2    6  SER 244 2    8     3   -1  0 -1   3.62
 GLU 242 2    6  SER 243 2    8     3   -1  0 -1   1.84
 GLU 242 2    3  GLU 242 2    1     3   -1  0  0   3.52
 GLU 242 2    3  SER 241 2    1     3   -1  0  0   3.89
 GLU 242 2    3  SER 243 2    1     3   -1  0  0   3.22
 GLU 242 2    3  SER 244 2    1     3   -1  0  0   4.81
 GLU 242 2    1  SER 241 2    3     3    0  0  0   3.36
 GLU 242 2    1  GLU 242 2    3     3    0  0  0   3.52
 GLU 242 2    1  SER 243 2    3     3    0  0  0   3.05
 GLU 242 2    1  SER 244 2    3     3    0  0  0   4.72
 GLU 242 2   11  GLU 207 3    3     3    0  0  0   4.86
 SER 243 2    6  LEU 202 3   18     3   -1  0 -1   2.91
 SER 243 2    6  GLU 242 2    8     3   -1  0 -1   1.83
 SER 243 2    6  PHE 239 2    8     3   -1  0 -1   4.57
 SER 243 2   18  THR 160 2    6     3    0  0 -1   2.41
 SER 243 2   18  GLY 159 2    6     3    0  0 -1   4.72
 SER 243 2    8  GLU 242 2    6     3    0  0 -1   1.84
 SER 243 2    8  LEU 202 3   26     3    0  0 -1   3.43
 SER 243 2    3  GLU 242 2    1     3   -1  0  0   3.05
 SER 243 2    3  LEU 202 3   21     3   -1  0  0   3.06
 SER 243 2    1  GLU 242 2    3     3    0  0  0   3.22
 SER 243 2    1  LEU 202 3   13     2    0  0  0   3.4
 SER 243 2   26  THR 160 2    8     3   -1  0 -1   4.74
 SER 244 2    6  ARG 206 3   18     3   -1  0 -1   4.36
 SER 244 2    6  GLU 242 2    8     3   -1  0 -1   3.42
 SER 244 2   18  THR 160 2    6     3    0  0 -1   3
 SER 244 2    8  GLU 242 2    6     3    0  0 -1   3.62
 SER 244 2    8  ARG 206 3   26     3    0  0 -1   4.66
 SER 244 2    3  GLU 242 2    1     3   -1  0  0   4.72
 SER 244 2    3  ARG 206 3   21     3   -1  0  0   4.61
 SER 244 2    1  GLU 242 2    3     3    0  0  0   4.81
 SER 244 2   21  THR 160 2    3     3    0  0  0   4.38
 GLU 246 2    0   PRO 76 3   12     0    0  0  0   4.62
 GLU 246 2    0  ARG 197 3   12     0    0  0  0   2.89
 ILE 247 2    0  ARG 197 3   12     0    0  0  0   4.13
 ILE 247 2    0  VAL 199 3   12     0    0  0  0   4.25
 PRO 248 2    0   HIS 77 3   12     0    0  0  0   4.32
 PRO 248 2    0  THR 196 3   12     0    0  0  0   3.77
 PRO 248 2    0  ARG 197 3   12     0    0  0  0   3.6
 PRO 248 2    0  VAL 199 3   12     0    0  0  0   4.99
 THR 250 2    0  THR 196 3   12     0    0  0  0   3.92
 THR 250 2    0  ARG 145 3   12     0    0  0  0   3.82
 THR 250 2    0  GLN 195 3   12     0    0  0  0   2.79
 THR 252 2    0  GLN 195 3   12     0    0  0  0   3.1
 THR 252 2    0  ILE 155 3   12     0    0  0  0   3.98
 GLU 259 2    0   ARG 64 1    1     0    0  0  0   3.06
 ASN 261 2    0  ILE 171 3    1     0    0  0  0   4.5
 ASN 261 2    0   ARG 64 1    1     0    0  0  0   4.98
 GLY 262 2    0  PRO 136 3    1     0    0  0  0   3.61
 GLY 262 2    0  ILE 171 3    1     0    0  0  0   3.67
 LEU 263 2    0  LEU 150 3    1     0    0  0  0   3.66
 LEU 263 2    0  GLY 151 3    1     0    0  0  0   3.43
 LEU 263 2    0  PRO 136 3    1     0    0  0  0   3.92
 LEU 263 2    0  THR 152 3    1     0    0  0  0   4.22
 LEU 263 2    0   ASN 20 2   11     0    0  0  0   3.36
 LEU 263 2    0   ALA 59 2   11     0    0  0  0   3.9
 LEU 263 2    0   ARG 62 2   11     0    0  0  0   3.65
 LEU 263 2    0   LEU 91 2   11     0    0  0  0   3.93
 LEU 263 2    0   VAL 58 2   11     0    0  0  0   4.1
 ARG 264 2    0  LEU 150 3    1     0    0  0  0   3.35
 ARG 264 2    0  GLY 151 3    1     0    0  0  0   3.84
 ARG 264 2    0  PRO 136 3    1     0    0  0  0   2.94
 ARG 264 2    0  ALA 135 3    1     0    0  0  0   4.23
 ARG 264 2    0  ALA 139 3    1     0    0  0  0   3.49
 ARG 264 2    0  PRO 137 3    1     0    0  0  0   2.64
 ARG 264 2    0  GLY 138 3    1     0    0  0  0   3.38
 ASN 265 2    0  GLU 147 3    1     0    0  0  0   3.79
 ASN 265 2    0  LEU 150 3    1     0    0  0  0   3.72
 ASN 265 2    0  ASP 140 3    1     0    0  0  0   3.01
 ASN 265 2    0  ALA 139 3    1     0    0  0  0   3.64
 ASN 265 2    0  PRO 142 3    1     0    0  0  0   4.75
 ASN 265 2    0  ALA 135 3    1     0    0  0  0   4.66
 ASN 265 2    0  GLY 151 3    1     0    0  0  0   4.81
 ILE 266 2    0  ASP 140 3    1     0    0  0  0   5
 ILE 266 2    0  ALA 139 3    1     0    0  0  0   3.95
 THR 267 2    0  ALA 139 3    1     0    0  0  0   3.52
 THR 267 2    0  GLY 138 3    1     0    0  0  0   2.79
 LEU 268 2    0  ASP 140 3    1     0    0  0  0   4.26
   GLY 1 3    0    PRO 3 3    4     0    0  0  0   3.5
   GLY 1 3    0    VAL 4 3    4     0    0  0  0   3.85
   GLY 1 3    0    MET 5 3    4     0    0  0  0   3.89
   GLY 1 3    0    THR 7 3    3     0    0  0  0   3.35
   GLY 1 3    0   PHE 19 3    2     0    0  0  0   4.31
   GLY 1 3    0   GLN 20 3    2     0    0  0  0   3.4
   GLY 1 3    0   TYR 32 4    2     0    0  0  0   3.62
   GLY 1 3    0   TYR 33 4    2     0    0  0  0   4.49
   LEU 2 3    0    LEU 2 3    1     0    0  0  0   4.01
   LEU 2 3    0    PRO 3 3    4     0    0  0  0   2.79
   LEU 2 3    0    VAL 4 3    4     0    0  0  0   3.24
   LEU 2 3    0    MET 5 3    4     0    0  0  0   2.82
   LEU 2 3    0    LEU 2 3    4     0    0  0  0   4.01
   LEU 2 3    0   TYR 32 4    3     0    0  0  0   4.5
   LEU 2 3    0   TYR 32 4    2     0    0  0  0   3.42
   PRO 3 3    0    GLY 1 3    1     0    0  0  0   3.5
   PRO 3 3    0    LEU 2 3    1     0    0  0  0   2.79
   PRO 3 3    0    MET 5 3    4     0    0  0  0   3.35
   PRO 3 3    0    THR 7 3    4     0    0  0  0   3.71
   PRO 3 3    0   PHE 19 3    3     0    0  0  0   3.58
   PRO 3 3    0   TYR 32 4    3     0    0  0  0   4.85
   PRO 3 3    0   TYR 33 4    2     0    0  0  0   3.79
   PRO 3 3    0   TYR 32 4    2     0    0  0  0   3.92
   VAL 4 3    0    GLY 1 3    1     0    0  0  0   3.84
   VAL 4 3    0    LEU 2 3    1     0    0  0  0   3.24
   VAL 4 3    0    VAL 4 3    1     0    0  0  0   3.77
   VAL 4 3    0   SER 10 3    4     0    0  0  0   3.66
   VAL 4 3    0    THR 7 3    4     0    0  0  0   2.76
   VAL 4 3    0    ASN 6 3    4     0    0  0  0   3.14
   VAL 4 3    0    MET 5 3    4     0    0  0  0   2.9
   VAL 4 3    0    VAL 4 3    4     0    0  0  0   3.77
   MET 5 3    0    GLY 1 3    1     0    0  0  0   3.89
   MET 5 3    0    LEU 2 3    1     0    0  0  0   2.82
   MET 5 3    0    VAL 4 3    1     0    0  0  0   2.9
   MET 5 3    0    PRO 3 3    1     0    0  0  0   3.35
   MET 5 3    0   SER 10 3    4     0    0  0  0   3.35
   MET 5 3    0    THR 7 3    4     0    0  0  0   3.7
   MET 5 3    0    ASN 6 3    4     0    0  0  0   4.94
   MET 5 3    0    PRO 8 3    4     0    0  0  0   3.96
   MET 5 3    0    GLY 9 3    4     0    0  0  0   3.59
   MET 5 3    0   GLN 12 3    4     0    0  0  0   4.7
   MET 5 3    0   PHE 19 3    4     0    0  0  0   3.77
   MET 5 3    0   PRO 22 3    3     0    0  0  0   3.84
   MET 5 3    0   TYR 33 4    3     0    0  0  0   3.49
   ASN 6 3    0    ASN 6 3    1     0    0  0  0   3.2
   ASN 6 3    0    VAL 4 3    1     0    0  0  0   3.14
   ASN 6 3    0    MET 5 3    1     0    0  0  0   4.94
   ASN 6 3    0   ASN 11 3    4     0    0  0  0   2.86
   ASN 6 3    0   SER 10 3    4     0    0  0  0   3.29
   ASN 6 3    0    ASN 6 3    4     0    0  0  0   3.2
   ASN 6 3    0   GLN 12 3    4     0    0  0  0   4.5
   ASN 6 3    0    GLY 9 3    4     0    0  0  0   4.25
   THR 7 3    0    MET 5 3    1     0    0  0  0   3.7
   THR 7 3    0    VAL 4 3    1     0    0  0  0   2.76
   THR 7 3    0    PRO 3 3    1     0    0  0  0   3.71
   THR 7 3    0  ALA 190 1    4     0    0  0  0   3.99
   THR 7 3    0   GLN 12 3    4     0    0  0  0   4.87
   THR 7 3    0   ASN 11 3    4     0    0  0  0   4.83
   THR 7 3    0   PHE 19 3    4     0    0  0  0   3.72
   THR 7 3    0   GLN 20 3    4     0    0  0  0   4.92
   THR 7 3    0    GLY 1 3    2     0    0  0  0   3.35
   PRO 8 3    0    MET 5 3    1     0    0  0  0   3.96
   PRO 8 3    0  ALA 190 1    4     0    0  0  0   4.34
   PRO 8 3    0  ARG 193 1    4     0    0  0  0   3.42
   PRO 8 3    0  PRO 191 1    4     0    0  0  0   3.41
   PRO 8 3    0   GLN 12 3    4     0    0  0  0   3.42
   PRO 8 3    0  THR 135 1    4     0    0  0  0   4.51
   PRO 8 3    0   TYR 13 3    4     0    0  0  0   4.19
   PRO 8 3    0   ASP 17 3    4     0    0  0  0   3.77
   PRO 8 3    0   PHE 19 3    4     0    0  0  0   4.39
   GLY 9 3    0    MET 5 3    1     0    0  0  0   3.59
   GLY 9 3    0    ASN 6 3    1     0    0  0  0   4.25
   GLY 9 3    0  ALA 190 1    4     0    0  0  0   4.62
   GLY 9 3    0  ARG 193 1    4     0    0  0  0   3.69
   GLY 9 3    0  ALA 192 1    4     0    0  0  0   4.18
   GLY 9 3    0  PRO 191 1    4     0    0  0  0   2.86
  SER 10 3    0    MET 5 3    1     0    0  0  0   3.35
  SER 10 3    0    ASN 6 3    1     0    0  0  0   3.29
  SER 10 3    0    VAL 4 3    1     0    0  0  0   3.66
  SER 10 3    0  THR 189 1    4     0    0  0  0   4.21
  SER 10 3    0  ALA 190 1    4     0    0  0  0   3.95
  SER 10 3    0  PRO 191 1    4     0    0  0  0   4.76
  SER 10 3    0   ASN 11 3    4     0    0  0  0   4.23
  ASN 11 3    0   ASN 11 3    1     0    0  0  0   4.99
  ASN 11 3    0   SER 10 3    1     0    0  0  0   4.23
  ASN 11 3    0    ASN 6 3    1     0    0  0  0   2.86
  ASN 11 3    0    THR 7 3    1     0    0  0  0   4.83
  ASN 11 3    0  THR 186 1    4     0    0  0  0   4.9
  ASN 11 3    0  PHE 184 1    4     0    0  0  0   4.68
  ASN 11 3    0  THR 189 1    4     0    0  0  0   4.07
  ASN 11 3    0   ASN 11 3    4     0    0  0  0   4.99
  GLN 12 3    0    PRO 8 3    1     0    0  0  0   3.42
  GLN 12 3    0    THR 7 3    1     0    0  0  0   4.87
  GLN 12 3    0    ASN 6 3    1     0    0  0  0   4.5
  GLN 12 3    0    MET 5 3    1     0    0  0  0   4.7
  GLN 12 3    0  PHE 184 1    4     0    0  0  0   3.75
  GLN 12 3    0  ILE 183 1    4     0    0  0  0   4.01
  GLN 12 3    0  ALA 192 1    4     0    0  0  0   3.36
  GLN 12 3    0   PRO 22 3    4     0    0  0  0   3.65
  GLN 12 3    0  ARG 193 1    4     0    0  0  0   2.83
  GLN 12 3    0  ILE 194 1    4     0    0  0  0   4.15
  TYR 13 3    0    PRO 8 3    1     0    0  0  0   4.19
  TYR 13 3    0  PHE 184 1    4     0    0  0  0   2.74
  TYR 13 3    0  ILE 183 1    4     0    0  0  0   3.31
  TYR 13 3    0  SER 182 1    4     0    0  0  0   3.34
  LEU 14 3    0  SER 182 1    4     0    0  0  0   3.22
  LEU 14 3    0  ILE 183 1    4     0    0  0  0   4.2
  LEU 14 3    0  PHE 184 1    4     0    0  0  0   4.85
  LEU 14 3    0  ILE 194 1    4     0    0  0  0   3.86
  LEU 14 3    0   ALA 24 3    4     0    0  0  0   4.14
  LEU 14 3    0  PRO 181 1    4     0    0  0  0   4.31
  LEU 14 3    0   PRO 22 3    4     0    0  0  0   3.84
  LEU 14 3    0   CYS 23 3    4     0    0  0  0   3.94
  THR 15 3    0  THR 177 1    4     0    0  0  0   4.52
  THR 15 3    0  PHE 184 1    4     0    0  0  0   3.81
  THR 15 3    0  SER 182 1    4     0    0  0  0   2.82
  THR 15 3    0  ASN 180 1    4     0    0  0  0   3.77
  THR 15 3    0  PRO 181 1    4     0    0  0  0   3.68
  ALA 16 3    0  SER 182 1    4     0    0  0  0   4.89
  ALA 16 3    0  PRO 181 1    4     0    0  0  0   4.31
  ALA 16 3    0   ALA 24 3    4     0    0  0  0   3.47
  ALA 16 3    0   CYS 23 3    4     0    0  0  0   4.39
  ALA 16 3    0   PRO 26 3    4     0    0  0  0   3.8
  ASP 17 3    0    PRO 8 3    1     0    0  0  0   3.77
  PHE 19 3    0    THR 7 3    1     0    0  0  0   3.72
  PHE 19 3    0    PRO 8 3    1     0    0  0  0   4.39
  PHE 19 3    0    MET 5 3    1     0    0  0  0   3.77
  PHE 19 3    0   TYR 33 4    4     0    0  0  0   3.65
  PHE 19 3    0   PRO 22 3    4     0    0  0  0   4.47
  PHE 19 3    0    GLY 1 3    3     0    0  0  0   4.31
  PHE 19 3    0    PRO 3 3    2     0    0  0  0   3.58
  GLN 20 3    0    THR 7 3    1     0    0  0  0   4.92
  GLN 20 3    0    GLY 1 3    3     0    0  0  0   3.4
  PRO 22 3    0   GLN 12 3    1     0    0  0  0   3.65
  PRO 22 3    0   LEU 14 3    1     0    0  0  0   3.84
  PRO 22 3    0   PHE 19 3    1     0    0  0  0   4.47
  PRO 22 3    0    MET 5 3    2     0    0  0  0   3.84
  CYS 23 3    0   ALA 16 3    1     0    0  0  0   4.39
  CYS 23 3    0   LEU 14 3    1     0    0  0  0   3.94
  ALA 24 3    0   ARG 83 1    1     0    0  0  0   4.11
  ALA 24 3    0   ALA 16 3    1     0    0  0  0   3.47
  ALA 24 3    0   LEU 14 3    1     0    0  0  0   4.14
  LEU 25 3    0  LEU 224 3    1     0    0  0  0   3.78
  LEU 25 3    0  LEU 225 3    1     0    0  0  0   4.87
  LEU 25 3    0   GLU 74 1    1     0    0  0  0   5
  LEU 25 3    0   ARG 83 1    1     0    0  0  0   4.46
  PRO 26 3    0   ARG 83 1    1     0    0  0  0   3.2
  PRO 26 3    0   ALA 82 1    1     0    0  0  0   4.91
  PRO 26 3    0   ALA 16 3    1     0    0  0  0   3.8
  PRO 26 3    0   LYS 43 4    1     0    0  0  0   3.6
  PRO 26 3    0   GLU 74 1    1     0    0  0  0   3.81
  GLU 27 3    0   SER 73 1    1     0    0  0  0   2.74
  GLU 27 3    0   GLU 74 1    1     0    0  0  0   3.27
  GLU 27 3    0   SER 79 1    1     0    0  0  0   3.39
  GLU 27 3    0   LYS 43 4    1     0    0  0  0   3.6
  GLU 27 3    0   SER 23 1    1     0    0  0  0   4.89
  GLU 27 3    0   ARG 24 1    1     0    0  0  0   4.82
  PHE 28 3    0  LEU 224 3    1     0    0  0  0   3.74
  PHE 28 3    0  ARG 223 3    1     0    0  0  0   3.34
  PHE 28 3    0   GLU 74 1    1     0    0  0  0   3.12
  PHE 28 3    0  HIS 109 3    1     0    0  0  0   4.5
  PHE 28 3    0   SER 73 1    1     0    0  0  0   4.21
  ASP 29 3    0  ARG 223 3    1     0    0  0  0   2.8
  ASP 29 3    0   SER 73 1    1     0    0  0  0   3.96
  ASP 29 3    0   GLU 74 1    1     0    0  0  0   3.85
  ASP 29 3    0   SER 71 1    1     0    0  0  0   2.92
  ASP 29 3    0  TYR 176 3    1     0    0  0  0   2.76
  ASP 29 3    0  VAL 222 3    1     0    0  0  0   4.96
  ASP 29 3    0   ARG 70 1    1     0    0  0  0   3.55
  ASP 29 3    0  SER 221 3    1     0    0  0  0   4.41
  ASP 29 3    0   HIS 69 1    1     0    0  0  0   4.67
  ASP 29 3    0    LYS 9 4    1     0    0  0  0   3.93
  VAL 30 3    0  ARG 223 3    1     0    0  0  0   3.92
  VAL 30 3    0   GLY 11 4    1     0    0  0  0   3.97
  VAL 30 3    0   ALA 12 4    1     0    0  0  0   4.37
  THR 31 3    0  ARG 223 3    1     0    0  0  0   2.91
  THR 31 3    0  THR 175 3    1     0    0  0  0   2.84
  THR 31 3    0  TYR 176 3    1     0    0  0  0   4.16
  PRO 32 3    0   HIS 69 1    1     0    0  0  0   3.56
  PRO 33 3    0   HIS 13 4    1     0    0  0  0   4.56
  PRO 33 3    0   GLY 11 4    1     0    0  0  0   4.81
  THR 60 3    3  ARG 206 3   11     3   -1  0  0   3.02
  THR 60 3    6  ARG 206 3   23     3   -1  0 -1   3.58
  PRO 76 3    0  GLU 246 2    4     1    0  0  0   4.62
  HIS 77 3    0  PRO 248 2    4     1    0  0  0   4.32
  HIS 77 3    0   THR 68 2    4     1    0  0  0   3.35
  ASP 79 3    0   THR 68 2    4     1    0  0  0   4.83
  ASP 79 3    0   ASP 67 2    4     1    0  0  0   4.14
 TYR 106 3    0  SER 179 1    4     0    0  0  0   3.96
 THR 108 3    0  PRO 161 1    4     0    0  0  0   3.35
 THR 108 3    0  PRO 162 1    4     0    0  0  0   3.57
 HIS 109 3    0  ILE 201 1    4     0    0  0  0   3.32
 HIS 109 3    0  VAL 199 1    4     0    0  0  0   3.69
 HIS 109 3    0   PHE 28 3    4     0    0  0  0   4.5
 SER 113 3    0   VAL 50 2    4     0    0  0  0   4.36
 MET 124 3    0  LYS 116 2    4     1    0  0  0   3.62
 MET 125 3    0  PHE 117 2    4     1    0  0  0   3.78
 MET 125 3    0  LYS 116 2    4     1    0  0  0   4.12
 MET 125 3    0  MET 125 3    4     1    0  0  0   3.71
 MET 125 3    0  SER 115 2    4     1    0  0  0   4.46
 MET 125 3    0  ALA 114 2    4     1    0  0  0   4.93
 MET 125 3    0  MET 125 3   12     0    0  0  0   3.71
 THR 127 3    0  ALA 114 2    4     1    0  0  0   2.75
 THR 127 3    0  ASN 113 2    4     1    0  0  0   2.98
 THR 127 3    0  SER 115 2    4     1    0  0  0   4.45
 GLY 128 3    0  ASN 113 2    4     1    0  0  0   3.24
 LYS 129 3    0  ASN 113 2    4     1    0  0  0   3.62
 LYS 129 3    0  GLN 111 2    4     1    0  0  0   3.7
 LYS 129 3    0  CYS 112 2    4     1    0  0  0   4.06
 LYS 129 3    0  ASN 204 2    4     1    0  0  0   2.91
 LYS 129 3    0  CYS 205 2    4     1    0  0  0   4.6
 LYS 129 3    0   THR 24 2    4     1    0  0  0   5
 LYS 129 3    0   THR 25 2    4     1    0  0  0   4.35
 LEU 131 3    0   THR 65 2    4     1    0  0  0   4.45
 ALA 135 3    0  ARG 264 2    4     0    0  0  0   4.23
 ALA 135 3    0  ASN 265 2    4     0    0  0  0   4.66
 PRO 136 3    0  TYR 100 2    4     0    0  0  0   3.84
 PRO 136 3    0  ARG 264 2    4     0    0  0  0   2.94
 PRO 136 3    0  GLY 262 2    4     0    0  0  0   3.61
 PRO 136 3    0  LEU 263 2    4     0    0  0  0   3.92
 PRO 137 3    0  TYR 100 2    4     0    0  0  0   3.36
 PRO 137 3    0  ARG 264 2    4     0    0  0  0   2.64
 GLY 138 3    0  VAL 215 1    4     0    0  0  0   4.3
 GLY 138 3    0  ARG 264 2    4     0    0  0  0   3.38
 GLY 138 3    0  THR 267 2    4     0    0  0  0   2.79
 GLY 138 3    0  LEU 217 1    4     0    0  0  0   4.24
 GLY 138 3    0  TYR 100 2    4     0    0  0  0   4.99
 ALA 139 3    0  LEU 217 1    4     0    0  0  0   3.63
 ALA 139 3    0  ARG 264 2    4     0    0  0  0   3.49
 ALA 139 3    0  THR 267 2    4     0    0  0  0   3.52
 ALA 139 3    0  ASN 265 2    4     0    0  0  0   3.64
 ALA 139 3    0  ILE 266 2    4     0    0  0  0   3.95
 ASP 140 3    0  ASP 219 1    4     0    0  0  0   3.41
 ASP 140 3    0  LEU 217 1    4     0    0  0  0   3.73
 ASP 140 3    0  LEU 268 2    4     0    0  0  0   4.26
 ASP 140 3    0  ILE 266 2    4     0    0  0  0   5
 ASP 140 3    0  ASN 265 2    4     0    0  0  0   3.01
 PRO 141 3    0  LEU 217 1    4     0    0  0  0   4.49
 PRO 142 3    0  ASN 265 2    4     0    0  0  0   4.75
 ARG 145 3    0   THR 68 2    4     1    0  0  0   2.93
 ARG 145 3    0  THR 250 2    4     1    0  0  0   3.82
 ARG 145 3    0   LEU 66 2    4     1    0  0  0   2.95
 ARG 145 3    0   THR 65 2    4     1    0  0  0   3.5
 ARG 145 3    0   ASP 67 2    4     1    0  0  0   4.06
 LYS 146 3    0   ASP 67 2    4     1    0  0  0   2.86
 LYS 146 3    0  GLU 152 2    4     1    0  0  0   3.05
 GLU 147 3    0  ASN 265 2    4     0    0  0  0   3.79
 MET 149 3    0   THR 65 2    4     1    0  0  0   2.91
 MET 149 3    0   PHE 63 2    4     1    0  0  0   4.07
 MET 149 3    0   TYR 64 2    4     1    0  0  0   3.7
 MET 149 3    0   ARG 62 2    4     1    0  0  0   2.72
 MET 149 3    0   LEU 66 2    4     1    0  0  0   4.99
 MET 149 3    0   MET 89 2    4     1    0  0  0   3.64
 LEU 150 3    0  ASN 265 2    4     0    0  0  0   3.72
 LEU 150 3    0  ARG 264 2    4     0    0  0  0   3.35
 LEU 150 3    0   TYR 98 2    4     0    0  0  0   4.81
 LEU 150 3    0  LEU 263 2    4     0    0  0  0   3.66
 LEU 150 3    0   TYR 64 2    4     1    0  0  0   3.66
 LEU 150 3    0   MET 89 2    4     1    0  0  0   4.96
 LEU 150 3    0   GLY 90 2    4     1    0  0  0   4.13
 LEU 150 3    0   ARG 62 2    4     1    0  0  0   3.31
 LEU 150 3    0   ASN 20 2    4     1    0  0  0   3.82
 GLY 151 3    0  ARG 264 2    4     0    0  0  0   3.84
 GLY 151 3    0  ASN 265 2    4     0    0  0  0   4.81
 GLY 151 3    0  LEU 263 2    4     0    0  0  0   3.43
 GLY 151 3    0   ASN 20 2    4     1    0  0  0   3.26
 GLY 151 3    0   ARG 62 2    4     1    0  0  0   2.95
 THR 152 3    0  LEU 263 2    4     0    0  0  0   4.22
 THR 152 3    0   ASN 20 2    4     1    0  0  0   3.21
 THR 152 3    0   ARG 62 2    4     1    0  0  0   4.85
 HIS 153 3    0   ASN 20 2    4     1    0  0  0   2.95
 HIS 153 3    0   SER 21 2    4     1    0  0  0   3.53
 HIS 153 3    0   THR 22 2    4     1    0  0  0   2.89
 HIS 153 3    0   ARG 62 2    4     1    0  0  0   3.59
 HIS 153 3    0   PHE 63 2    4     1    0  0  0   3.53
 VAL 154 3    0   THR 24 2    4     1    0  0  0   4.33
 VAL 154 3    0   THR 22 2    4     1    0  0  0   3.33
 ILE 155 3    0   THR 24 2    4     1    0  0  0   2.75
 ILE 155 3    0  GLN 111 2    4     1    0  0  0   3.84
 ILE 155 3    0   ILE 23 2    4     1    0  0  0   3.73
 ILE 155 3    0   THR 22 2    4     1    0  0  0   2.8
 ILE 155 3    0   THR 65 2    4     1    0  0  0   4.26
 ILE 155 3    0  THR 252 2    4     1    0  0  0   3.98
 TRP 156 3    0   GLN 26 2    4     1    0  0  0   4.93
 TRP 156 3    0   THR 24 2    4     1    0  0  0   3.47
 ASP 157 3    0  ASN 204 2    4     1    0  0  0   3
 ASP 157 3    0   GLN 26 2    4     1    0  0  0   2.89
 ASP 157 3    0   THR 24 2    4     1    0  0  0   3.02
 ASP 157 3    0   THR 25 2    4     1    0  0  0   3.58
 ASP 157 3    0   GLU 27 2    4     1    0  0  0   3.79
 ILE 158 3    0   GLU 27 2    4     1    0  0  0   4.86
 ILE 158 3    0   GLN 26 2    4     1    0  0  0   3.96
 GLY 159 3    0   GLN 26 2    4     1    0  0  0   3.31
 LEU 160 3    0   GLN 26 2    4     1    0  0  0   3.28
 GLN 161 3    0   GLN 26 2    4     1    0  0  0   2.85
 SER 162 3    0   GLN 26 2    4     1    0  0  0   4.99
 CYS 164 3    0   THR 24 2    4     1    0  0  0   4.71
 PRO 169 3    0   VAL 50 2    4     0    0  0  0   3.74
 TRP 170 3    0   ASN 48 2    4     0    0  0  0   2.93
 TRP 170 3    0   PRO 49 2    4     0    0  0  0   3.36
 TRP 170 3    0   VAL 50 2    4     0    0  0  0   2.9
 TRP 170 3    0   ASP 51 2    4     0    0  0  0   4.62
 ILE 171 3    0  TYR 100 2    4     0    0  0  0   3.13
 ILE 171 3    0   PRO 49 2    4     0    0  0  0   4.02
 ILE 171 3    0  LEU 101 2    4     0    0  0  0   4.02
 ILE 171 3    0   ASP 51 2    4     0    0  0  0   3.56
 ILE 171 3    0   VAL 50 2    4     0    0  0  0   4.95
 ILE 171 3    0  GLY 262 2    4     0    0  0  0   3.67
 ILE 171 3    0  ASN 261 2    4     0    0  0  0   4.5
 SER 172 3    0  TYR 100 2    4     0    0  0  0   3.49
 SER 172 3    0   ASN 48 2    4     0    0  0  0   3.29
 SER 172 3    0   PRO 49 2    4     0    0  0  0   4.06
 SER 172 3    0  LEU 101 2    4     0    0  0  0   3.3
 SER 172 3    0  ILE 218 2    4     0    0  0  0   4.35
 ASN 173 3    0  TYR 100 2    4     0    0  0  0   3.04
 ASN 173 3    0  ASP 219 2    4     0    0  0  0   3.1
 ASN 173 3    0  SER 220 2    4     0    0  0  0   4.25
 ASN 173 3    0  LEU 216 2    4     0    0  0  0   3.22
 ASN 173 3    0  LEU 101 2    4     0    0  0  0   3.52
 ASN 173 3    0   ASN 48 2    4     0    0  0  0   3.63
 ASN 173 3    0  ILE 218 2    4     0    0  0  0   3.26
 THR 174 3    0  ILE 201 1    4     0    0  0  0   3.53
 THR 174 3    0  SER 202 1    4     0    0  0  0   4.35
 THR 174 3    0  LEU 216 2    4     0    0  0  0   3.67
 THR 174 3    0   ASN 48 2    4     0    0  0  0   3.24
 THR 175 3    0  ILE 201 1    4     0    0  0  0   2.84
 THR 175 3    0  SER 202 1    4     0    0  0  0   4.34
 THR 175 3    0   ASN 48 2    4     0    0  0  0   4.03
 THR 175 3    0  LEU 216 2    4     0    0  0  0   4.13
 THR 175 3    0   THR 31 3    4     0    0  0  0   2.84
 THR 175 3    0  GLY 200 1    4     0    0  0  0   4.7
 THR 175 3    0  ASN 203 1    4     0    0  0  0   3.6
 TYR 176 3    0  ILE 201 1    4     0    0  0  0   3.51
 TYR 176 3    0   ASP 29 3    4     0    0  0  0   2.76
 TYR 176 3    0   THR 31 3    4     0    0  0  0   4.16
 ARG 177 3    0  TYR 100 2    4     0    0  0  0   3.36
 GLN 178 3    0  PRO 162 1    4     0    0  0  0   4.23
 GLN 178 3    0  SER 233 1    4     0    0  0  0   3.91
 GLN 178 3    0  ASN 235 1    4     0    0  0  0   3.58
 GLN 178 3    0  ASP 236 1    4     0    0  0  0   4.37
 GLN 178 3    0  ILE 201 1    4     0    0  0  0   4.63
 THR 179 3    0  PRO 162 1    4     0    0  0  0   4.27
 ILE 180 3    0  GLY 163 1    4     0    0  0  0   3.35
 ILE 180 3    0  PRO 162 1    4     0    0  0  0   3.88
 ASP 182 3    0  SER 233 1    4     0    0  0  0   3.75
 ASP 182 3    0  LEU 234 1    4     0    0  0  0   3.73
 ASP 182 3    0  ALA 232 1    4     0    0  0  0   4.38
 SER 183 3    0  LYS 214 1    4     0    0  0  0   3.43
 SER 183 3    0  SER 213 1    4     0    0  0  0   3.11
 SER 183 3    0  LYS 223 2    4     0    0  0  0   2.87
 PHE 184 3    0  ALA 232 1    4     0    0  0  0   3.69
 PHE 184 3    0  SER 213 1    4     0    0  0  0   3.73
 PHE 184 3    0  LYS 223 2    4     0    0  0  0   4.18
 PHE 184 3    0  SER 233 1    4     0    0  0  0   4.07
 PHE 184 3    0  ILE 201 1    4     0    0  0  0   4.39
 PHE 184 3    0  PHE 212 1    4     0    0  0  0   4.9
 PHE 184 3    0  TYR 209 1    4     0    0  0  0   3.55
 PHE 184 3    0  ASP 219 2    4     0    0  0  0   4.56
 PHE 184 3    0  LEU 216 2    4     0    0  0  0   4.86
 THR 185 3    0  ILE 201 1    4     0    0  0  0   3.62
 GLU 186 3    0  LYS 223 2    4     0    0  0  0   2.87
 GLU 186 3    0  SER 213 1    4     0    0  0  0   4.68
 GLU 186 3    0  TYR 100 2    4     0    0  0  0   3.82
 GLN 195 3    0   THR 68 2    4     1    0  0  0   3.68
 GLN 195 3    0  THR 250 2    4     1    0  0  0   2.79
 GLN 195 3    0  GLN 111 2    4     1    0  0  0   2.82
 GLN 195 3    0   THR 65 2    4     1    0  0  0   3.36
 GLN 195 3    0  THR 252 2    4     1    0  0  0   3.1
 THR 196 3    0  PRO 248 2    4     1    0  0  0   3.77
 THR 196 3    0  ASN 113 2    4     1    0  0  0   2.74
 THR 196 3    0  THR 250 2    4     1    0  0  0   3.92
 THR 196 3    0  GLN 111 2    4     1    0  0  0   3.99
 THR 196 3    0  CYS 112 2    4     1    0  0  0   4.48
 ARG 197 3    0  GLU 246 2    4     1    0  0  0   2.89
 ARG 197 3    0  ILE 247 2    4     1    0  0  0   4.13
 ARG 197 3    0  PRO 248 2    4     1    0  0  0   3.6
 ARG 197 3    0  ASN 113 2    4     1    0  0  0   3.27
 VAL 199 3    0  ALA 114 2    4     1    0  0  0   3.26
 VAL 199 3    0  ILE 247 2    4     1    0  0  0   4.25
 VAL 199 3    0  ASN 113 2    4     1    0  0  0   3.81
 VAL 199 3    0  HIS 118 2    4     1    0  0  0   3.64
 VAL 199 3    0  SER 115 2    4     1    0  0  0   4.58
 VAL 199 3    0  PRO 248 2    4     1    0  0  0   4.99
 VAL 200 3    0  PHE 239 2    4     1    0  0  0   4.15
 VAL 200 3    0  SER 115 2    4     1    0  0  0   4.38
 VAL 200 3    0  HIS 118 2    4     1    0  0  0   4.14
 VAL 200 3    0  ALA 114 2    4     1    0  0  0   4.9
 PRO 201 3    0  PHE 239 2    4     1    0  0  0   3.79
 PRO 201 3    0  SER 115 2    4     1    0  0  0   3.68
 PRO 201 3    0  PHE 117 2    4     1    0  0  0   3.34
 LEU 202 3    0  SER 203 3    4     1    0  0  0   3.78
 LEU 202 3    0  PHE 239 2    4     1    0  0  0   3.67
 LEU 202 3    0  ALA 240 2    4     1    0  0  0   3.76
 LEU 202 3    0  GLU 242 2    4     1    0  0  0   4.33
 LEU 202 3   18  SER 243 2    6     3    0  0 -1   2.91
 LEU 202 3   21  SER 243 2    3     3    0  0  0   3.06
 LEU 202 3   26  SER 243 2    8     3   -1  0 -1   3.43
 LEU 202 3   13  SER 243 2    1     2    0 -1  0   3.4
 SER 203 3    0  SER 203 3    4     1    0  0  0   4.54
 SER 203 3    0  LEU 202 3   12     0    0  0  0   3.77
 SER 203 3    0  SER 203 3   12     0    0  0  0   4.54
 ARG 206 3   18  SER 244 2    6     3    0  0 -1   4.36
 ARG 206 3    8  ARG 206 3    6     3    0  0 -1   4.92
 ARG 206 3    6  ARG 206 3    8     3   -1  0 -1   4.92
 ARG 206 3    3  ARG 206 3    1     3   -1  0  0   2.92
 ARG 206 3    1  ARG 206 3    3     3    0  0  0   2.92
 ARG 206 3   21  SER 244 2    3     3    0  0  0   4.61
 ARG 206 3   26  SER 244 2    8     3   -1  0 -1   4.66
 ARG 206 3   11   THR 60 3    3     3    0  0  0   3.02
 ARG 206 3   23   THR 60 3    6     3    0  0 -1   3.58
 GLU 207 3    3  GLU 242 2   11     3   -1  0  0   4.86
 ASP 219 3    0   VAL 50 2    4     0    0  0  0   4.85
 SER 221 3    0   ASP 29 3    4     0    0  0  0   4.41
 VAL 222 3    0   ASP 29 3    4     0    0  0  0   4.96
 ARG 223 3    0   PHE 28 3    4     0    0  0  0   3.34
 ARG 223 3    0   ASP 29 3    4     0    0  0  0   2.8
 ARG 223 3    0  VAL 199 1    4     0    0  0  0   3.83
 ARG 223 3    0  GLY 200 1    4     0    0  0  0   2.83
 ARG 223 3    0   THR 31 3    4     0    0  0  0   2.91
 ARG 223 3    0  ILE 201 1    4     0    0  0  0   3.6
 ARG 223 3    0   VAL 30 3    4     0    0  0  0   3.92
 LEU 224 3    0  PRO 161 1    4     0    0  0  0   3.73
 LEU 224 3    0   LEU 25 3    4     0    0  0  0   3.78
 LEU 224 3    0  TYR 159 1    4     0    0  0  0   4.03
 LEU 224 3    0   PHE 28 3    4     0    0  0  0   3.74
 LEU 224 3    0  VAL 199 1    4     0    0  0  0   4.77
 LEU 225 3    0  ASN 180 1    4     0    0  0  0   4.84
 LEU 225 3    0  SER 179 1    4     0    0  0  0   3.76
 LEU 225 3    0  PRO 161 1    4     0    0  0  0   3.92
 LEU 225 3    0  PRO 181 1    4     0    0  0  0   4.85
 LEU 225 3    0   LEU 25 3    4     0    0  0  0   4.87
 ARG 226 3    0  ALA 164 1    4     0    0  0  0   3.44
 ARG 226 3    0  ASN 180 1    4     0    0  0  0   3.58
 ARG 226 3    0  SER 179 1    4     0    0  0  0   3.28
 ARG 226 3    0  PRO 161 1    4     0    0  0  0   3.57
 ARG 226 3    0  GLY 163 1    4     0    0  0  0   3.24
 ARG 226 3    0  PRO 162 1    4     0    0  0  0   3.52
 ASP 227 3    0  PRO 165 1    4     0    0  0  0   3.56
 ASP 227 3    0  ALA 164 1    4     0    0  0  0   3.34
 ASP 227 3    0  ASN 180 1    4     0    0  0  0   2.84
 ASP 227 3    0  GLY 163 1    4     0    0  0  0   4.69
 ASP 227 3    0  SER 178 1    4     0    0  0  0   2.63
 ASP 227 3    0  SER 179 1    4     0    0  0  0   3.2
 ASP 227 3    0  THR 177 1    4     0    0  0  0   3.6
 ASP 227 3    0  THR 174 1    4     0    0  0  0   4.93
 THR 228 3    0  PRO 165 1    4     0    0  0  0   3.27
 THR 229 3    0  PRO 165 1    4     0    0  0  0   3.64
 THR 229 3    0  GLY 163 1    4     0    0  0  0   3.18
 THR 229 3    0  ALA 164 1    4     0    0  0  0   4.25
 ILE 231 3    0  TYR 173 1    4     0    0  0  0   3.79
 GLU 232 3    0  TYR 173 1    4     0    0  0  0   3.44
 GLN 233 3    0  TYR 173 1    4     0    0  0  0   3.26
 GLN 233 3    0  GLN 176 1    4     0    0  0  0   2.66
 LYS 234 3    0  GLU 168 1    4     0    0  0  0   4.88
 LYS 234 3    0  TYR 173 1    4     0    0  0  0   3.56
   GLY 2 4    0   THR 28 4    1     0    0  0  0   3.51
   GLY 2 4    0    VAL 5 4    1     0    0  0  0   3.47
   ALA 3 4    0   THR 28 4    1     0    0  0  0   4.67
   VAL 5 4    0    GLY 2 4    4     0    0  0  0   3.47
   VAL 5 4    0    GLY 6 0    4     0    0  0  0   4.91
   SER 6 4    0   ARG 34 4    4     0    0  0  0   4.68
   SER 7 4    0   ARG 34 4    4     0    0  0  0   4.01
   GLN 8 4    0   TYR 33 4    4     0    0  0  0   2.96
   GLN 8 4    0   ARG 34 4    4     0    0  0  0   3.38
   GLN 8 4    0   ASP 35 4    4     0    0  0  0   3.75
   GLN 8 4    0   SER 36 4    4     0    0  0  0   3.45
   GLN 8 4    0   ASN 39 4    4     0    0  0  0   2.8
   GLN 8 4    0   ASN 31 4    4     0    0  0  0   4.14
   LYS 9 4    0   ARG 34 4    4     0    0  0  0   4.75
   LYS 9 4    0   SER 36 4    4     0    0  0  0   3.79
   LYS 9 4    0   ASP 29 3    4     0    0  0  0   3.93
  VAL 10 4    0   SER 36 4    4     0    0  0  0   3.43
  GLY 11 4    0   SER 36 4    4     0    0  0  0   3.37
  GLY 11 4    0  ARG 129 1    4     0    0  0  0   3.6
  GLY 11 4    0   VAL 30 3    4     0    0  0  0   3.97
  GLY 11 4    0   PRO 33 3    4     0    0  0  0   4.81
  ALA 12 4    0  PHE 130 1    4     0    0  0  0   4.65
  ALA 12 4    0  ASP 131 1    4     0    0  0  0   3.98
  ALA 12 4    0  TYR 198 1    4     0    0  0  0   4.08
  ALA 12 4    0  ARG 129 1    4     0    0  0  0   3.89
  ALA 12 4    0  HIS 265 1    4     0    0  0  0   4.14
  ALA 12 4    0   VAL 30 3    4     0    0  0  0   4.37
  HIS 13 4    0  HIS 265 1    4     0    0  0  0   3.53
  HIS 13 4    0  ARG 267 1    4     0    0  0  0   3.46
  HIS 13 4    0  ILE 266 1    4     0    0  0  0   4.67
  HIS 13 4    0   PRO 33 3    4     0    0  0  0   4.56
  GLU 14 4    0  HIS 265 1    4     0    0  0  0   3.69
  GLU 14 4    0  ILE 266 1    4     0    0  0  0   4.3
  GLU 14 4    0   GLU 78 1    4     0    0  0  0   3.47
  GLU 14 4    0   ASP 45 4    4     0    0  0  0   3.26
  GLU 14 4    0  ARG 267 1    4     0    0  0  0   4.15
  GLU 14 4    0   SER 42 4    4     0    0  0  0   2.83
  GLU 14 4    0   ALA 41 4    4     0    0  0  0   3.56
  GLU 14 4    0   LYS 43 4    4     0    0  0  0   2.82
  GLU 14 4    0   GLN 44 4    4     0    0  0  0   4.01
  GLU 14 4    0   ALA 40 4    4     0    0  0  0   4.65
  ILE 25 4    0   ASN 39 4    4     0    0  0  0   4.07
  ILE 25 4    0   ASN 31 4    4     0    0  0  0   3.51
  ASN 26 4    0   ASN 31 4    4     0    0  0  0   3.17
  TYR 27 4    0   TYR 33 4    4     0    0  0  0   3.29
  TYR 27 4    0   ARG 34 4    4     0    0  0  0   2.83
  TYR 27 4    0   ASN 31 4    4     0    0  0  0   3.51
  TYR 27 4    0   TYR 32 4    4     0    0  0  0   4.67
  THR 28 4    0   ILE 30 4    4     0    0  0  0   3.79
  THR 28 4    0    GLY 2 4    4     0    0  0  0   3.51
  THR 28 4    0   ASN 31 4    4     0    0  0  0   2.98
  THR 28 4    0   TYR 32 4    4     0    0  0  0   4.32
  THR 28 4    0    ALA 3 4    4     0    0  0  0   4.67
  ILE 30 4    0   THR 28 4    1     0    0  0  0   3.79
  ASN 31 4    0    GLN 8 4    1     0    0  0  0   4.14
  ASN 31 4    0   TYR 27 4    1     0    0  0  0   3.51
  ASN 31 4    0   ASN 26 4    1     0    0  0  0   3.17
  ASN 31 4    0   ILE 25 4    1     0    0  0  0   3.51
  ASN 31 4    0   THR 28 4    1     0    0  0  0   2.98
  TYR 32 4    0   TYR 27 4    1     0    0  0  0   4.67
  TYR 32 4    0   THR 28 4    1     0    0  0  0   4.32
  TYR 32 4    0    GLY 1 3    3     0    0  0  0   3.62
  TYR 32 4    0    LEU 2 3    3     0    0  0  0   3.42
  TYR 32 4    0    PRO 3 3    3     0    0  0  0   3.92
  TYR 32 4    0    PRO 3 3    2     0    0  0  0   4.85
  TYR 32 4    0    LEU 2 3    2     0    0  0  0   4.5
  TYR 33 4    0   PHE 19 3    1     0    0  0  0   3.65
  TYR 33 4    0   TYR 27 4    1     0    0  0  0   3.29
  TYR 33 4    0    GLN 8 4    1     0    0  0  0   2.96
  TYR 33 4    0    GLY 1 3    3     0    0  0  0   4.49
  TYR 33 4    0    PRO 3 3    3     0    0  0  0   3.79
  TYR 33 4    0    MET 5 3    2     0    0  0  0   3.49
  ARG 34 4    0   LYS 43 4    1     0    0  0  0   3.49
  ARG 34 4    0   GLN 44 4    1     0    0  0  0   3.33
  ARG 34 4    0   ARG 24 1    1     0    0  0  0   3.25
  ARG 34 4    0   SER 42 4    1     0    0  0  0   3.25
  ARG 34 4    0   TYR 27 4    1     0    0  0  0   2.83
  ARG 34 4    0    GLN 8 4    1     0    0  0  0   3.38
  ARG 34 4    0    LYS 9 4    1     0    0  0  0   4.75
  ARG 34 4    0    SER 7 4    1     0    0  0  0   4.01
  ARG 34 4    0    SER 6 4    1     0    0  0  0   4.68
  ASP 35 4    0    GLN 8 4    1     0    0  0  0   3.75
  SER 36 4    0    GLN 8 4    1     0    0  0  0   3.45
  SER 36 4    0    LYS 9 4    1     0    0  0  0   3.79
  SER 36 4    0   VAL 10 4    1     0    0  0  0   3.43
  SER 36 4    0   GLY 11 4    1     0    0  0  0   3.37
  ASN 39 4    0    GLN 8 4    1     0    0  0  0   2.8
  ASN 39 4    0   ILE 25 4    1     0    0  0  0   4.07
  ALA 40 4    0   GLU 14 4    1     0    0  0  0   4.65
  ALA 41 4    0   GLU 14 4    1     0    0  0  0   3.57
  SER 42 4    0   GLU 14 4    1     0    0  0  0   2.83
  SER 42 4    0   ARG 34 4    4     0    0  0  0   3.25
  LYS 43 4    0   GLU 14 4    1     0    0  0  0   2.82
  LYS 43 4    0   PRO 26 3    4     0    0  0  0   3.6
  LYS 43 4    0   GLU 27 3    4     0    0  0  0   3.6
  LYS 43 4    0   ARG 34 4    4     0    0  0  0   3.49
  GLN 44 4    0   GLU 14 4    1     0    0  0  0   4.01
  GLN 44 4    0   ARG 34 4    4     0    0  0  0   3.34
  ASP 45 4    0   GLU 14 4    1     0    0  0  0   3.26
  LYS 58 4    0   HIS 37 1   12     0    0  0  0   3.06
  LYS 58 4    0   SER 38 1   12     0    0  0  0   4.94
  ASP 59 4    0   LYS 39 1   12     0    0  0  0   3.22
  ILE 62 4    0    CYS 7 2    4     1    0  0  0   4.01
  ILE 62 4    0    TYR 9 2    4     1    0  0  0   4.16
  THR 64 4    0    TYR 9 2    4     1    0  0  0   2.71
  ALA 65 4    0    TYR 9 2    4     1    0  0  0   3.5
  ALA 65 4    0    CYS 7 2    4     1    0  0  0   3.52
  PRO 66 4    0    GLY 8 2    4     1    0  0  0   3.45
  PRO 66 4    0    CYS 7 2    4     1    0  0  0   3.57
  PRO 66 4    0    TYR 9 2    4     1    0  0  0   4.33
  ASN 69 4    0    GLY 8 2    4     1    0  0  0   3.17
  ASN 69 4    0    CYS 7 2    4     1    0  0  0   3.91
  ASN 69 4    0    ALA 6 2    4     1    0  0  0   4.13
  ASN 69 4    0    GLU 5 2    4     1    0  0  0   4.71
Residue buried areas, 433 residues
  residue    ncs   buried
   GLY 6 0    0     0
   SER 7 0    0     0
  SER 23 1    0     0
  ARG 24 1    0     0.145
  THR 30 1    0     0
  GLY 34 1    0     0
  PRO 35 1    0     0.765
  THR 36 1    0     8.64
  HIS 37 1    0     7
  SER 38 1    0     0
  LYS 39 1    0     0.392
  GLU 40 1    0     0
  ILE 41 1    0     0
  PRO 42 1    0     1.37
  ALA 43 1    0     0
  LEU 44 1    0     0.659
  PRO 57 1    0     0
  ASP 59 1    0     0
  THR 60 1    0     1.3
  VAL 61 1    0     0
  GLN 62 1    0     2.01
  THR 63 1    0     0
  ARG 64 1    0     2.18
  HIS 65 1    0     1.15
  VAL 66 1    0     0
  VAL 67 1    0     0.592
  HIS 69 1    0     3.11
  ARG 70 1    0     0
  SER 71 1    0     0.957
  SER 73 1    0     0.631
  GLU 74 1    0     0.902
  GLU 78 1    0     0
  SER 79 1    0     0
  ALA 82 1    0     0
  ARG 83 1    0     3.43
  GLY 84 1    0     0
  ALA 85 1    0     1.02
  CYS 86 1    0     0.29
 THR 115 1    0     0
 VAL 116 1    0     0
 GLN 117 1    0     5.33
 LEU 118 1    0     0
 LYS 121 1    0     0
 ARG 129 1    0     0
 PHE 130 1    0     0
 ASP 131 1    0     0
 THR 135 1    0     0
 VAL 137 1    0     0
 VAL 138 1    0     0
 THR 139 1    0     1.32
 ALA 140 1    0     0.916
 ASN 141 1    0     0
 PHE 142 1    0     2.08
 THR 143 1    0     0
 GLU 144 1    0     0
 THR 145 1    0     0
 ASN 146 1    0     0.338
 ASN 147 1    0     11.7
 GLY 148 1    0     0
 HIS 149 1    0     2.25
 ALA 150 1    0     0
 LEU 151 1    0     1.86
 ASN 152 1    0     0.783
 GLN 153 1    0     0
 VAL 154 1    0     1.33
 GLN 156 1    0     0
 TYR 159 1    0     0
 PRO 161 1    0     1.31
 PRO 162 1    0     0
 GLY 163 1    0     3.11
 ALA 164 1    0     0
 PRO 165 1    0     0.83
 GLU 168 1    0     0
 TRP 170 1    0     0
 TYR 173 1    0     1.25
 THR 174 1    0     0
 TRP 175 1    0     0
 GLN 176 1    0     4.2
 THR 177 1    0     0
 SER 178 1    0     6.43
 SER 179 1    0     0.689
 ASN 180 1    0     1.13
 PRO 181 1    0     0
 SER 182 1    0     2.62
 ILE 183 1    0     0
 PHE 184 1    0     2.4
 THR 186 1    0     0
 TYR 187 1    0     0.781
 GLY 188 1    0     0
 THR 189 1    0     0
 ALA 190 1    0     0
 PRO 191 1    0     0.961
 ALA 192 1    0     0
 ARG 193 1    0     2.52
 ILE 194 1    0     0
 TYR 198 1    0     0
 VAL 199 1    0     0
 GLY 200 1    0     1.11
 ILE 201 1    0     3.76
 SER 202 1    0     0
 ASN 203 1    0     0
 TYR 209 1    0     0
 PHE 212 1    0     0
 SER 213 1    0     0.999
 LYS 214 1    0     0
 VAL 215 1    0     0
 LEU 217 1    0     0
 ASP 219 1    0     0
 ALA 232 1    0     0
 SER 233 1    0     0
 LEU 234 1    0     0
 ASN 235 1    0     0
 ASP 236 1    0     0
 ARG 243 1    0     0
 VAL 245 1    0     0.311
 ASN 246 1    0     0.425
 ASP 247 1    0     0.133
 HIS 248 1    0     0
 ASN 249 1    0     0.933
 PRO 250 1    0     1.13
 VAL 253 1    0     1.37
 THR 254 1    0     0
 LYS 256 1    0     0.131
 ARG 258 1    0     0.309
 TYR 260 1    0     0.894
 HIS 265 1    0     0
 ILE 266 1    0     0
 ARG 267 1    0     0
 ASP 288 1   18     0
   GLU 5 2    0     0
   ALA 6 2    0     0
   CYS 7 2    0     0
   GLY 8 2    0     1.02
   TYR 9 2    0     1.16
  SER 10 2    0     0
  ASP 11 2    0     0
  VAL 13 2    0     0
  LEU 14 2    0     0
  GLN 15 2    0     1.41
  LEU 16 2    0     2.71
  THR 17 2    0     9.43
  LEU 18 2    0     0
  GLY 19 2    0     1.38
  ASN 20 2    0     0.988
  SER 21 2    0     0.641
  THR 22 2    0     3.34
  ILE 23 2    0     0.187
  THR 24 2    0     2.08
  THR 25 2    0     0.487
  GLN 26 2    0     4.03
  GLU 27 2    0     0
  SER 31 2    0     1.03
  TRP 38 2    0     0
  LEU 42 2    0     0.874
  ARG 43 2    0     0
  ASP 44 2    0     2.84
  SER 45 2    0     1.49
  GLU 46 2    0     0
  ALA 47 2    0     0
  ASN 48 2    0     1.8
  PRO 49 2    0     0
  VAL 50 2    0     1.05
  ASP 51 2    0     0.631
  GLN 52 2    0     0.649
  PRO 53 2    0     0
  THR 54 2    0     1.38
  GLU 55 2    0     0
  PRO 56 2    0     0
  ASP 57 2    0     0
  VAL 58 2    0     0
  ALA 59 2    0     1.38
  ARG 62 2    0     2.78
  PHE 63 2    0     0
  TYR 64 2    0     0
  THR 65 2    0     2.7
  LEU 66 2    0     0.512
  ASP 67 2    0     1.61
  THR 68 2    0     2.24
  GLU 74 2    6     0
  GLU 74 2   18     0
  GLU 74 2    3     0
  MET 89 2    0     0.0661
  GLY 90 2    0     0
  LEU 91 2    0     0.223
  GLN 94 2    0     0
  ASN 95 2    0     0
  TYR 98 2    0     0.225
  HIS 99 2    0     0
 TYR 100 2    0     0.532
 LEU 101 2    0     1.97
 THR 107 2    0     0
 GLN 111 2    0     1.81
 CYS 112 2    0     0
 ASN 113 2    0     2.8
 ALA 114 2    0     0.792
 SER 115 2    0     0
 LYS 116 2    0     1.04
 PHE 117 2    0     2
 HIS 118 2    0     0
 GLU 152 2    0     0.0486
 GLY 159 2    6     0
 GLY 159 2   18     0
 THR 160 2    6     5.02
 THR 160 2   18     17.7
 THR 160 2    3     0
 THR 160 2    8     0
 PHE 161 2   18     3.27
 THR 162 2    6     0
 THR 162 2   18     0
 THR 162 2   21     0
 PRO 163 2   18     0
 ASN 165 2    6     0
 ASN 166 2    6     6.91
 ASN 166 2   14     2.04
 GLN 167 2    6     1.21
 GLN 167 2   14     0
 THR 168 2    6     11.6
 THR 168 2    3     0
 THR 168 2   14     2.04
 SER 169 2    6     0
 SER 169 2   14     0
 ASN 204 2    0     1.18
 CYS 205 2    0     0
 THR 207 2    0     0
 VAL 209 2    0     0.15
 LEU 216 2    0     0.945
 ILE 218 2    0     0
 ASP 219 2    0     0.12
 SER 220 2    0     0
 LYS 223 2    0     1.8
 PHE 239 2    0     0
 PHE 239 2    8     0
 ALA 240 2    0     0.0109
 SER 241 2   18     0
 SER 241 2    8     3.81
 SER 241 2    6     3.81
 SER 241 2    3     5.97
 SER 241 2    1     5.97
 SER 241 2   21     0
 GLU 242 2    0     0
 GLU 242 2    8     12.2
 GLU 242 2    6     9.32
 GLU 242 2    3     0
 GLU 242 2    1     0.0407
 GLU 242 2   11     0
 SER 243 2    6     15.2
 SER 243 2   18     3.05
 SER 243 2    8     9.96
 SER 243 2    3     4.88
 SER 243 2    1     0
 SER 243 2   26     0
 SER 244 2    6     0
 SER 244 2   18     1.8
 SER 244 2    8     0
 SER 244 2    3     0
 SER 244 2    1     0
 SER 244 2   21     0
 GLU 246 2    0     0.801
 ILE 247 2    0     0
 PRO 248 2    0     1.27
 THR 250 2    0     0.4
 THR 252 2    0     0
 GLU 259 2    0     0.0202
 ASN 261 2    0     0
 GLY 262 2    0     1.4
 LEU 263 2    0     0.633
 ARG 264 2    0     4.71
 ASN 265 2    0     0.482
 ILE 266 2    0     0
 THR 267 2    0     0.402
 LEU 268 2    0     0
   GLY 1 3    0     0.00607
   LEU 2 3    0     3.85
   PRO 3 3    0     1.93
   VAL 4 3    0     3.32
   MET 5 3    0     2.63
   ASN 6 3    0     1.77
   THR 7 3    0     1.75
   PRO 8 3    0     0.599
   GLY 9 3    0     0.951
  SER 10 3    0     0.731
  ASN 11 3    0     0.965
  GLN 12 3    0     1.93
  TYR 13 3    0     1.54
  LEU 14 3    0     0.43
  THR 15 3    0     2.19
  ALA 16 3    0     0
  ASP 17 3    0     0
  PHE 19 3    0     0.327
  GLN 20 3    0     0
  PRO 22 3    0     0
  CYS 23 3    0     0
  ALA 24 3    0     0
  LEU 25 3    0     0
  PRO 26 3    0     2.36
  GLU 27 3    0     1.25
  PHE 28 3    0     2.16
  ASP 29 3    0     3.37
  VAL 30 3    0     0
  THR 31 3    0     2.61
  PRO 32 3    0     1.64
  PRO 33 3    0     0
  THR 60 3    3     2.71
  THR 60 3    6     0
  PRO 76 3    0     0
  HIS 77 3    0     0.916
  ASP 79 3    0     0
 TYR 106 3    0     0
 THR 108 3    0     0
 HIS 109 3    0     1.74
 SER 113 3    0     0
 MET 124 3    0     1.05
 MET 125 3    0     0.622
 THR 127 3    0     1.19
 GLY 128 3    0     1.55
 LYS 129 3    0     1.05
 LEU 131 3    0     0
 ALA 135 3    0     0
 PRO 136 3    0     2.92
 PRO 137 3    0     2.02
 GLY 138 3    0     1.17
 ALA 139 3    0     0
 ASP 140 3    0     0.257
 PRO 141 3    0     0
 PRO 142 3    0     0
 ARG 145 3    0     1.83
 LYS 146 3    0     1.69
 GLU 147 3    0     0
 MET 149 3    0     4.39
 LEU 150 3    0     0.229
 GLY 151 3    0     0.532
 THR 152 3    0     0.454
 HIS 153 3    0     1.97
 VAL 154 3    0     0
 ILE 155 3    0     3.17
 TRP 156 3    0     0
 ASP 157 3    0     2.84
 ILE 158 3    0     0
 GLY 159 3    0     0
 LEU 160 3    0     0
 GLN 161 3    0     1.86
 SER 162 3    0     0
 CYS 164 3    0     0
 PRO 169 3    0     0.0941
 TRP 170 3    0     2.54
 ILE 171 3    0     1.39
 SER 172 3    0     0.0163
 ASN 173 3    0     2.75
 THR 174 3    0     0.546
 THR 175 3    0     2.85
 TYR 176 3    0     0.534
 ARG 177 3    0     0
 GLN 178 3    0     0
 THR 179 3    0     0
 ILE 180 3    0     2.45
 ASP 182 3    0     0
 SER 183 3    0     1.87
 PHE 184 3    0     0
 THR 185 3    0     0.834
 GLU 186 3    0     0.924
 GLN 195 3    0     1.87
 THR 196 3    0     0.641
 ARG 197 3    0     2.07
 VAL 199 3    0     0.195
 VAL 200 3    0     0
 PRO 201 3    0     1.97
 LEU 202 3    0     0.0149
 LEU 202 3   18     5.04
 LEU 202 3   21     4.9
 LEU 202 3   26     1.96
 LEU 202 3   13     0
 SER 203 3    0     0
 ARG 206 3   18     0
 ARG 206 3    8     0
 ARG 206 3    6     0
 ARG 206 3    3     1.86
 ARG 206 3    1     1.86
 ARG 206 3   21     0
 ARG 206 3   26     0
 ARG 206 3   11     2.77
 ARG 206 3   23     0
 GLU 207 3    3     0
 ASP 219 3    0     0
 SER 221 3    0     0
 VAL 222 3    0     0
 ARG 223 3    0     5.13
 LEU 224 3    0     0.169
 LEU 225 3    0     0
 ARG 226 3    0     1.87
 ASP 227 3    0     2.29
 THR 228 3    0     0.135
 THR 229 3    0     1.29
 ILE 231 3    0     0
 GLU 232 3    0     0.562
 GLN 233 3    0     2.17
 LYS 234 3    0     0.446
   GLY 2 4    0     0.291
   ALA 3 4    0     0
   VAL 5 4    0     0.287
   SER 6 4    0     0
   SER 7 4    0     0
   GLN 8 4    0     2.84
   LYS 9 4    0     0
  VAL 10 4    0     0
  GLY 11 4    0     0
  ALA 12 4    0     0
  HIS 13 4    0     0
  GLU 14 4    0     2.25
  ILE 25 4    0     0
  ASN 26 4    0     0
  TYR 27 4    0     1.36
  THR 28 4    0     0.362
  ILE 30 4    0     0
  ASN 31 4    0     0.364
  TYR 32 4    0     1.13
  TYR 33 4    0     0.525
  ARG 34 4    0     2.98
  ASP 35 4    0     0
  SER 36 4    0     0
  ASN 39 4    0     2.37
  ALA 40 4    0     0
  ALA 41 4    0     0
  SER 42 4    0     1.33
  LYS 43 4    0     1.75
  GLN 44 4    0     1.28
  ASP 45 4    0     0
  LYS 58 4    0     3.01
  ASP 59 4    0     0.393
  ILE 62 4    0     0
  THR 64 4    0     1.16
  ALA 65 4    0     0
  PRO 66 4    0     1.01
  ASN 69 4    0     0.00578
