37 pairs of asymmetric units of 1c8m #1 contact at distance 5.0 A
  Atoms  MTRIX  SMTRY   Unit cell  MTRIXref  Copies
   630     4      0      0  0  0      0         6
   590     1      0      0  0  0      0        24
   275    14      1      0  0  0      0        24
   259     9      0      0  0  0      0        24
    94    17      3      0 -1 -1     12         1
    88    12      3      0 -1  0     17         1
    85    13      1      0  0  0      0        24
    73     2      3      1  0 -1     22         1
    69    22      3      1  0  0      2         1
    48     2      3      1  0 -1      5         1
    43     5      3      1  0  0      2         1
    38    19      3      0  0 -1      8         1
    35    10      2      0  0  0     19         1
    35     8      3      0  0  0     19         1
    35    19      2      0 -1  0     10         1
    34     3      0      0  0  0      0        12
    32    25      3      1  0 -1     22         1
    30    22      3      1  0  0     25         1
    29    10      2      0  0  0     27         1
    23    27      2      0 -1  0     10         1
    23     2      0      0  0  0      0        18
    21    12      2      0  0 -1      8         1
    20     8      2      0 -1 -1     12         1
    16     4      2      1 -1 -1     20         1
    15    20      2      1  0 -1      4         1
     7    17      2      0  0  0     27         1
     6    27      2      0 -1  0     17         1
     6    20      2      1  0 -1      5         1
     5     4      3      1  0  0     25         1
     3     5      2      1 -1 -1     20         1
     3    19      2      0 -1  0     17         1
     3    10      3      0 -1 -1     12         1
     2    25      3      1  0 -1      4         1
     2     2      3      1  0 -1      4         1
     1    17      2      0  0  0     19         1
     1    12      3      0 -1  0     10         1
     1     4      3      1  0  0      2         1
Residue contacts, 516 residues
  residue1  ncs1  residue2  ncs2  sym2    cell2  distance
   TYR 6 1    0    GLY 1 4    4     0    0  0  0   3.03
   TYR 6 1    0   ASN 30 4    4     0    0  0  0   3.28
   TYR 6 1    0    ALA 2 4    4     0    0  0  0   4.79
   GLU 9 1    0   LYS 33 4    4     0    0  0  0   3.31
   GLU 9 1    0   ASP 34 4    4     0    0  0  0   4.87
  VAL 10 1    0   LYS 33 4    4     0    0  0  0   3.33
  VAL 10 1    0   ASP 34 4    4     0    0  0  0   3.68
  VAL 10 1    0   ALA 35 4    4     0    0  0  0   3.21
  VAL 10 1    0   ASN 30 4    4     0    0  0  0   4.19
  LEU 11 1    0   ALA 35 4    4     0    0  0  0   4.05
  LEU 11 1    0   TYR 28 3    4     0    0  0  0   4.8
  LEU 11 1    0   HIS 29 3    4     0    0  0  0   3.27
  LEU 11 1    0   PRO 30 3    4     0    0  0  0   4.88
  ASN 12 1    0   PRO 26 3    4     0    0  0  0   4.78
  ASN 12 1    0   TRP 27 3    4     0    0  0  0   3.36
  ASN 12 1    0   ASP 34 4    4     0    0  0  0   3.16
  ASN 12 1    0   TYR 28 3    4     0    0  0  0   3.13
  ASN 12 1    0   HIS 29 3    4     0    0  0  0   3.34
  ASN 12 1    0   LYS 33 4    4     0    0  0  0   4.55
  GLU 13 1    0   HIS 29 3    4     0    0  0  0   3.22
  ILE 20 1    0   ILE 50 2    4     0    0  0  0   3.59
  GLN 22 1    0   LYS 52 2    4     0    0  0  0   3.82
  SER 23 1    0   LYS 52 2    4     0    0  0  0   4.62
  HIS 24 1    0   THR 17 2    9     0    0  0  0   4.58
  PRO 25 1    0   THR 17 2    9     0    0  0  0   3.19
  PRO 25 1    0   ARG 18 2    9     0    0  0  0   3.95
  THR 26 1    0   THR 17 2    9     0    0  0  0   2.81
  THR 26 1    0   ARG 18 2    9     0    0  0  0   3.1
  THR 26 1    0   ILE 16 2    9     0    0  0  0   3.4
  THR 26 1    0   GLN 15 2    9     0    0  0  0   3.87
  THR 27 1    0   THR 17 2    9     0    0  0  0   4.98
  THR 27 1    0   ARG 18 2    9     0    0  0  0   2.86
  THR 27 1    0   GLN 15 2    9     0    0  0  0   3.65
  THR 27 1    0   ILE 16 2    9     0    0  0  0   4.24
  THR 27 1    0   TRP 38 2    9     0    0  0  0   3.81
  THR 27 1    0  ILE 201 2    9     0    0  0  0   4.08
  THR 27 1    0   ILE 14 2    9     0    0  0  0   4.38
  SER 28 1    0   ILE 14 2    9     0    0  0  0   3.44
  SER 28 1    0   GLN 15 2    9     0    0  0  0   2.95
  SER 28 1    0   ILE 13 2    9     0    0  0  0   4.36
  ASN 29 1    0   ILE 13 2    9     0    0  0  0   2.79
  ASN 29 1    0   GLN 15 2    9     0    0  0  0   4.84
  ASN 29 1    0   ILE 14 2    9     0    0  0  0   4.23
  ASN 29 1    0   SER 10 2    9     0    0  0  0   3.52
  ASN 29 1    0   ASP 11 2    9     0    0  0  0   4.08
  ALA 30 1    0   GLN 15 2    9     0    0  0  0   3.75
  ALA 31 1    0   THR 24 2    9     0    0  0  0   4.89
  ALA 31 1    0   ILE 13 2    9     0    0  0  0   3.74
  ALA 31 1    0   ILE 14 2    9     0    0  0  0   4.51
  ALA 31 1    0   GLN 15 2    9     0    0  0  0   3.48
  PRO 32 1    0   GLN 15 2    9     0    0  0  0   2.77
  VAL 33 1    0   THR 22 2    9     0    0  0  0   4.15
  VAL 33 1    0   THR 24 2    9     0    0  0  0   3.54
  VAL 33 1    0   GLN 15 2    9     0    0  0  0   3.91
  LEU 34 1    0   THR 24 2    9     0    0  0  0   4.33
  LEU 34 1    0   GLN 26 2    9     0    0  0  0   3.6
  LEU 34 1    0   ILE 13 2    9     0    0  0  0   4.54
  PRO 47 1    0   ILE 50 2    4     0    0  0  0   3.53
  ASP 49 1    0   GLN 15 2    9     0    0  0  0   3.18
  ASP 49 1    0   THR 17 2    9     0    0  0  0   3.85
  ASP 49 1    0   THR 22 2    9     0    0  0  0   4.59
  THR 50 1    0   THR 22 2    9     0    0  0  0   2.65
  THR 50 1    0   ASP 20 2    9     0    0  0  0   4.83
  THR 50 1    0   SER 21 2    9     0    0  0  0   4.15
  THR 50 1    0   THR 17 2    9     0    0  0  0   3.19
  THR 50 1    0   GLY 19 2    9     0    0  0  0   4.53
  THR 50 1    0   GLN 15 2    9     0    0  0  0   4.75
  ILE 51 1    0   ILE 50 2    4     0    0  0  0   4.7
  ILE 51 1    0   ASP 51 2    4     0    0  0  0   3.8
  ILE 51 1    0   ASP 20 2    9     0    0  0  0   4.02
  ILE 51 1    0   THR 17 2    9     0    0  0  0   4.36
  ILE 51 1    0   GLY 19 2    9     0    0  0  0   3.56
  ILE 51 1    0   THR 22 2    9     0    0  0  0   4.78
  GLU 52 1    0   ASP 51 2    4     0    0  0  0   4.04
  GLU 52 1    0   LYS 52 2    4     0    0  0  0   3.35
  GLU 52 1    0   ILE 50 2    4     0    0  0  0   4.79
  GLU 52 1    0   GLY 19 2    9     0    0  0  0   2.9
  GLU 52 1    0   THR 58 2    9     0    0  0  0   3.68
  GLU 52 1    0   ASP 20 2    9     0    0  0  0   4.97
  GLU 52 1    0   THR 17 2    9     0    0  0  0   4.6
  GLU 52 1    0   ARG 18 2    9     0    0  0  0   3.94
  GLU 52 1    0   ASN 61 2    9     0    0  0  0   4.8
  THR 53 1    0   ILE 50 2    4     0    0  0  0   3.38
  THR 53 1    0   ASP 51 2    4     0    0  0  0   4.33
  THR 53 1    0   LYS 52 2    4     0    0  0  0   3.85
  ARG 54 1    0   PRO 44 2    4     0    0  0  0   3.79
  ARG 54 1    0   ALA 47 2    4     0    0  0  0   3.62
  ARG 54 1    0   LEU 42 2    4     0    0  0  0   3.35
  ARG 54 1    0   PRO 53 2    4     0    0  0  0   3.68
  ARG 54 1    0   THR 43 2    4     0    0  0  0   3.85
  ARG 54 1    0  GLU 250 2    4     0    0  0  0   4.99
  ARG 54 1    0   ILE 50 2    4     0    0  0  0   2.91
  ARG 54 1    0   ALA 49 2    4     0    0  0  0   3.7
  ARG 54 1    0   ASP 51 2    4     0    0  0  0   3.8
  ARG 54 1    0   LYS 52 2    4     0    0  0  0   3.79
  TYR 55 1    0   PRO 44 2    4     0    0  0  0   3.2
  TYR 55 1    0   ALA 47 2    4     0    0  0  0   4.9
  VAL 56 1    0   THR 48 2    4     0    0  0  0   4.12
  VAL 56 1    0   ALA 47 2    4     0    0  0  0   3.42
  VAL 56 1    0   PRO 44 2    4     0    0  0  0   3.86
  VAL 56 1    0   ILE 50 2    4     0    0  0  0   3.86
  VAL 56 1    0   LYS 32 3    4     0    0  0  0   4.56
  VAL 56 1    0   ALA 49 2    4     0    0  0  0   4.6
  GLN 57 1    0   LYS 32 3    4     0    0  0  0   3.13
  GLN 57 1    0   PRO 44 2    4     0    0  0  0   3.13
  GLN 57 1    0   GLN 45 2    4     0    0  0  0   3.4
  SER 58 1    0   LYS 32 3    4     0    0  0  0   4.98
  SER 59 1    0   HIS 29 3    4     0    0  0  0   3.16
  SER 59 1    0   LYS 32 3    4     0    0  0  0   3.33
  GLN 60 1    0   HIS 29 3    4     0    0  0  0   4.63
  THR 61 1    0   HIS 29 3    4     0    0  0  0   3.33
  ASP 63 1    0   TRP 27 3    4     0    0  0  0   4.02
  GLU 64 1    0   PRO 26 3    4     0    0  0  0   4.13
  GLU 64 1    0   TRP 27 3    4     0    0  0  0   3.68
  GLU 64 1    0   TYR 28 3    4     0    0  0  0   3.64
  GLU 64 1    0   HIS 29 3    4     0    0  0  0   4.66
  SER 66 1    0   TRP 27 3    4     0    0  0  0   4.73
  GLU 68 1    0   TRP 27 3    4     0    0  0  0   3.89
  SER 69 1    0   TRP 27 3    4     0    0  0  0   3.58
  GLY 72 1    0   TRP 27 3    4     0    0  0  0   4.48
  ARG 73 1    0  GLY 163 1    4     0    0  0  0   4.06
  ARG 73 1    0  THR 164 1    4     0    0  0  0   3.56
  ARG 73 1    0   PRO 26 3    4     0    0  0  0   3.95
  ARG 73 1    0   TRP 27 3    4     0    0  0  0   4.24
  SER 74 1    0  GLN 161 1    4     0    0  0  0   4.54
  SER 74 1    0  SER 162 1    4     0    0  0  0   3.18
  SER 74 1    0  GLY 163 1    4     0    0  0  0   4.62
  GLY 75 1    0  GLN 161 1    4     0    0  0  0   3.61
  GLY 75 1    0  SER 162 1    4     0    0  0  0   3.96
  GLY 75 1    0  GLY 163 1    4     0    0  0  0   4.02
  CYS 76 1    0  GLN 161 1    4     0    0  0  0   3.02
  GLU 79 1    0  ARG 220 1    4     0    0  0  0   4.79
 GLU 102 1    0  GLN 161 1    4     0    0  0  0   4.91
 MET 103 1    0  GLN 161 1    4     0    0  0  0   2.88
 ALA 104 1    0  GLN 161 1    4     0    0  0  0   3.8
 GLN 105 1    0  GLN 161 1    4     0    0  0  0   3.2
 GLN 105 1    0  TYR 158 1    4     0    0  0  0   3.7
 GLN 105 1    0  ALA 159 1    4     0    0  0  0   4.09
 GLN 105 1    0  SER 162 1    4     0    0  0  0   3.23
 GLN 105 1    0  GLY 163 1    4     0    0  0  0   2.87
 GLN 105 1    0  THR 164 1    4     0    0  0  0   4.77
 GLN 105 1    0  PRO 150 1    4     0    0  0  0   4.54
 ILE 106 1    0  GLN 161 1    4     0    0  0  0   4.97
 ILE 106 1    0  GLY 163 1    4     0    0  0  0   4.17
 LYS 109 1    0  THR 164 1    4     0    0  0  0   3.13
 LYS 109 1    0  GLY 163 1    4     0    0  0  0   3.17
 THR 123 1    0    PRO 8 3    1     0    0  0  0   4.58
 VAL 125 1    0  VAL 222 1    4     0    0  0  0   4.69
 VAL 125 1    0  VAL 139 1    4     0    0  0  0   3.99
 VAL 125 1    0  PHE 169 1    4     0    0  0  0   3.97
 PRO 126 1    0  HIS 137 1    4     0    0  0  0   3.22
 PRO 126 1    0  VAL 139 1    4     0    0  0  0   3.78
 SER 127 1    0  HIS 137 1    4     0    0  0  0   3.44
 SER 127 1    0  THR 223 1    4     0    0  0  0   3.73
 SER 127 1    0  VAL 139 1    4     0    0  0  0   3.8
 SER 127 1    0  VAL 222 1    4     0    0  0  0   4.02
 SER 127 1    0  SER 224 1    4     0    0  0  0   4.81
 VAL 128 1    0  GLN 226 1    4     0    0  0  0   3.76
 VAL 128 1    0  HIS 137 1    4     0    0  0  0   2.92
 VAL 128 1    0  THR 223 1    4     0    0  0  0   3.74
 VAL 128 1    0  GLY 136 1    4     0    0  0  0   4.75
 ALA 129 1    0  GLN 226 1    4     0    0  0  0   3.84
 ALA 129 1    0  THR 223 1    4     0    0  0  0   3.77
 ALA 129 1    0  GLU 225 1    4     0    0  0  0   3.84
 ALA 129 1    0  SER 224 1    4     0    0  0  0   3.49
 ALA 130 1    0  LEU 227 1    4     0    0  0  0   3.09
 ALA 130 1    0  GLN 226 1    4     0    0  0  0   3.03
 ALA 130 1    0  HIS 228 1    4     0    0  0  0   4.84
 ALA 130 1    0  GLY 136 1    4     0    0  0  0   4.3
 LYS 131 1    0  LEU 227 1    4     0    0  0  0   3.39
 LYS 131 1    0  GLN 226 1    4     0    0  0  0   4.98
 LYS 131 1    0  GLU 225 1    4     0    0  0  0   4.73
 ASP 132 1    0  LEU 227 1    4     0    0  0  0   3.85
 ASP 132 1    0  HIS 228 1    4     0    0  0  0   4.8
 GLY 133 1    0  LEU 227 1    4     0    0  0  0   4.34
 GLY 133 1    0  HIS 228 1    4     0    0  0  0   4.08
 GLY 133 1    0  HIS 134 1    4     0    0  0  0   3.21
 HIS 134 1    0  HIS 134 1    4     0    0  0  0   3.22
 HIS 134 1    0  GLY 133 1    1     0    0  0  0   3.21
 HIS 134 1    0  HIS 134 1    1     0    0  0  0   3.22
 ILE 135 1    0  GLY 136 1    4     0    0  0  0   4.26
 ILE 135 1    0  HIS 137 1    4     0    0  0  0   3.88
 GLY 136 1    0  VAL 128 1    1     0    0  0  0   4.75
 GLY 136 1    0  ILE 135 1    1     0    0  0  0   4.26
 GLY 136 1    0  ALA 130 1    1     0    0  0  0   4.3
 HIS 137 1    0  VAL 128 1    1     0    0  0  0   2.92
 HIS 137 1    0  SER 127 1    1     0    0  0  0   3.44
 HIS 137 1    0  ILE 135 1    1     0    0  0  0   3.88
 HIS 137 1    0  HIS 172 1    1     0    0  0  0   3.86
 HIS 137 1    0  PRO 126 1    1     0    0  0  0   3.22
 HIS 137 1    0  TRP 170 1    1     0    0  0  0   4.11
 HIS 137 1    0  GLY 173 1    1     0    0  0  0   4.88
 VAL 139 1    0  PRO 126 1    1     0    0  0  0   3.78
 VAL 139 1    0  SER 127 1    1     0    0  0  0   3.8
 VAL 139 1    0  PHE 176 1    1     0    0  0  0   4.5
 VAL 139 1    0  VAL 125 1    1     0    0  0  0   3.99
 GLN 141 1    0  TYR 237 1    1     0    0  0  0   4.83
 TYR 144 1    0  MET 223 3    1     0    0  0  0   4.28
 PRO 146 1    0  ARG 225 3    1     0    0  0  0   3.84
 PRO 146 1    0  THR 107 3    1     0    0  0  0   3.28
 PRO 146 1    0  MET 223 3    1     0    0  0  0   4.24
 PRO 146 1    0  ALA 224 3    1     0    0  0  0   4.39
 PRO 147 1    0  THR 179 3    1     0    0  0  0   4.07
 PRO 147 1    0  ARG 225 3    1     0    0  0  0   3.66
 PRO 147 1    0  THR 107 3    1     0    0  0  0   3.73
 PRO 147 1    0  PHE 177 3    1     0    0  0  0   3.35
 GLY 148 1    0  ASP 226 3    1     0    0  0  0   4.88
 GLY 148 1    0  ASP 228 3    1     0    0  0  0   3.27
 GLY 148 1    0  THR 179 3    1     0    0  0  0   3.52
 GLY 148 1    0  ARG 225 3    1     0    0  0  0   3.48
 ALA 149 1    0  ASP 226 3    1     0    0  0  0   3.43
 ALA 149 1    0  ARG 225 3    1     0    0  0  0   3.59
 ALA 149 1    0  ASP 228 3    1     0    0  0  0   4.86
 PRO 150 1    0  ASP 226 3    1     0    0  0  0   3.62
 PRO 150 1    0  ASP 228 3    1     0    0  0  0   4.27
 PRO 150 1    0  THR 227 3    1     0    0  0  0   3.41
 PRO 150 1    0  GLN 105 1    1     0    0  0  0   4.54
 ARG 155 1    0  ARG 235 1    1     0    0  0  0   4.72
 ASP 156 1    0  ARG 235 1    1     0    0  0  0   4.5
 TYR 158 1    0  GLN 232 3    1     0    0  0  0   3.45
 TYR 158 1    0  LYS 231 3    1     0    0  0  0   3.56
 TYR 158 1    0  GLN 105 1    1     0    0  0  0   3.7
 TYR 158 1    0  HIS 230 3    1     0    0  0  0   3.08
 TYR 158 1    0  ASP 228 3    1     0    0  0  0   4.88
 TYR 158 1    0  THR 227 3    1     0    0  0  0   4.02
 ALA 159 1    0  GLN 105 1    1     0    0  0  0   4.09
 TRP 160 1    0  TYR 237 1    1     0    0  0  0   4.75
 GLN 161 1    0  GLN 105 1    1     0    0  0  0   3.2
 GLN 161 1    0  MET 103 1    1     0    0  0  0   2.88
 GLN 161 1    0   CYS 76 1    1     0    0  0  0   3.02
 GLN 161 1    0  GLN 232 3    1     0    0  0  0   3.48
 GLN 161 1    0  ALA 104 1    1     0    0  0  0   3.8
 GLN 161 1    0  ILE 106 1    1     0    0  0  0   4.97
 GLN 161 1    0  GLU 102 1    1     0    0  0  0   4.91
 GLN 161 1    0  TYR 237 1    1     0    0  0  0   3.99
 GLN 161 1    0   GLY 75 1    1     0    0  0  0   3.61
 GLN 161 1    0   SER 74 1    1     0    0  0  0   4.54
 SER 162 1    0  GLN 105 1    1     0    0  0  0   3.23
 SER 162 1    0  ASP 226 3    1     0    0  0  0   3.77
 SER 162 1    0   GLY 75 1    1     0    0  0  0   3.96
 SER 162 1    0   SER 74 1    1     0    0  0  0   3.18
 SER 162 1    0   THR 15 3    1     0    0  0  0   4.13
 GLY 163 1    0  GLN 105 1    1     0    0  0  0   2.87
 GLY 163 1    0  ASP 226 3    1     0    0  0  0   3.46
 GLY 163 1    0   GLY 75 1    1     0    0  0  0   4.02
 GLY 163 1    0   SER 74 1    1     0    0  0  0   4.62
 GLY 163 1    0  ILE 106 1    1     0    0  0  0   4.17
 GLY 163 1    0  LYS 109 1    1     0    0  0  0   3.17
 GLY 163 1    0   ARG 73 1    1     0    0  0  0   4.06
 THR 164 1    0  GLN 105 1    1     0    0  0  0   4.77
 THR 164 1    0  ASP 226 3    1     0    0  0  0   2.91
 THR 164 1    0  LYS 109 1    1     0    0  0  0   3.13
 THR 164 1    0   ARG 73 1    1     0    0  0  0   3.56
 THR 164 1    0  ARG 225 3    1     0    0  0  0   3.5
 THR 164 1    0  ALA 224 3    1     0    0  0  0   3.73
 THR 164 1    0  TYR 105 3    1     0    0  0  0   4.23
 THR 164 1    0   THR 16 3    1     0    0  0  0   4.77
 ASN 165 1    0  ASP 226 3    1     0    0  0  0   3
 ASN 165 1    0  ARG 225 3    1     0    0  0  0   3.43
 ASN 165 1    0  ALA 224 3    1     0    0  0  0   4.78
 ASN 165 1    0   THR 15 3    1     0    0  0  0   3.3
 ASN 165 1    0   THR 16 3    1     0    0  0  0   4.57
 ALA 166 1    0   THR 15 3    1     0    0  0  0   3.46
 ALA 166 1    0   THR 16 3    1     0    0  0  0   3.93
 SER 167 1    0   THR 15 3    1     0    0  0  0   2.91
 SER 167 1    0   PHE 13 3    1     0    0  0  0   3.51
 SER 167 1    0   MET 14 3    1     0    0  0  0   3.28
 VAL 168 1    0   PHE 13 3    1     0    0  0  0   3.33
 VAL 168 1    0   MET 14 3    1     0    0  0  0   3.56
 VAL 168 1    0   GLN 12 3    1     0    0  0  0   3.38
 PHE 169 1    0  PHE 176 1    1     0    0  0  0   3.56
 PHE 169 1    0   PHE 13 3    1     0    0  0  0   2.83
 PHE 169 1    0   GLN 12 3    1     0    0  0  0   3.71
 PHE 169 1    0  VAL 125 1    1     0    0  0  0   3.97
 PHE 169 1    0  TYR 237 1    1     0    0  0  0   3.15
 PHE 169 1    0   THR 15 3    1     0    0  0  0   4
 PHE 169 1    0   MET 14 3    1     0    0  0  0   4.95
 TRP 170 1    0  HIS 137 1    4     0    0  0  0   4.11
 TRP 170 1    0  GLN 171 1    4     0    0  0  0   3.52
 TRP 170 1    0  PHE 176 1    1     0    0  0  0   4.29
 GLN 171 1    0  TRP 170 1    1     0    0  0  0   3.52
 GLN 171 1    0  HIS 172 1    1     0    0  0  0   4.6
 GLN 171 1    0  GLY 173 1    1     0    0  0  0   3.42
 GLN 171 1    0  GLN 174 1    1     0    0  0  0   3.17
 GLN 171 1    0  PHE 176 1    1     0    0  0  0   3.69
 GLN 171 1    0  PRO 175 1    1     0    0  0  0   4.48
 HIS 172 1    0  HIS 137 1    4     0    0  0  0   3.86
 HIS 172 1    0  GLN 171 1    4     0    0  0  0   4.6
 GLY 173 1    0  GLN 171 1    4     0    0  0  0   3.42
 GLY 173 1    0  HIS 137 1    4     0    0  0  0   4.88
 GLY 173 1    0  GLN 174 1    4     0    0  0  0   3.06
 GLN 174 1    0  GLN 171 1    4     0    0  0  0   3.17
 GLN 174 1    0  GLN 174 1    4     0    0  0  0   4.17
 GLN 174 1    0  GLN 174 1    1     0    0  0  0   4.17
 GLN 174 1    0  PRO 175 1    1     0    0  0  0   3.63
 GLN 174 1    0  GLY 173 1    1     0    0  0  0   3.06
 GLN 174 1    0   GLY 11 3    1     0    0  0  0   3.61
 GLN 174 1    0   SER 10 3    1     0    0  0  0   4.44
 PRO 175 1    0  GLN 171 1    4     0    0  0  0   4.48
 PRO 175 1    0  GLN 174 1    4     0    0  0  0   3.63
 PRO 175 1    0   SER 10 3    1     0    0  0  0   3.39
 PRO 175 1    0    GLY 9 3    1     0    0  0  0   4.51
 PRO 175 1    0    THR 7 3    1     0    0  0  0   4.34
 PRO 175 1    0    PRO 8 3    1     0    0  0  0   4.73
 PRO 175 1    0    VAL 6 3    1     0    0  0  0   4.3
 PHE 176 1    0  GLN 171 1    4     0    0  0  0   3.69
 PHE 176 1    0  PHE 169 1    4     0    0  0  0   3.56
 PHE 176 1    0  VAL 139 1    4     0    0  0  0   4.5
 PHE 176 1    0  TRP 170 1    4     0    0  0  0   4.29
 PHE 176 1    0    GLY 9 3    1     0    0  0  0   2.73
 PHE 176 1    0    PRO 8 3    1     0    0  0  0   3.53
 PHE 176 1    0   SER 10 3    1     0    0  0  0   4.83
 PRO 177 1    0    GLY 9 3    1     0    0  0  0   4.17
 PRO 177 1    0   GLN 12 3    1     0    0  0  0   3.22
 PRO 177 1    0    PRO 8 3    1     0    0  0  0   4.99
 ARG 178 1    0    GLY 9 3    1     0    0  0  0   3.71
 ARG 178 1    0   GLN 12 3    1     0    0  0  0   3.07
 ARG 178 1    0    PRO 8 3    1     0    0  0  0   3.55
 PHE 179 1    0   MET 14 3    1     0    0  0  0   3.7
 LEU 184 1    0  MET 223 3    1     0    0  0  0   3.64
 LEU 184 1    0  HIS 108 3    1     0    0  0  0   3.41
 LEU 184 1    0  ARG 222 3    1     0    0  0  0   4.57
 SER 185 1    0  HIS 108 3    1     0    0  0  0   4.55
 SER 185 1    0  ARG 222 3    1     0    0  0  0   3.12
 ILE 186 1    0  PHE 177 3    1     0    0  0  0   4.16
 ILE 186 1    0  TYR 183 3    1     0    0  0  0   3.89
 ILE 186 1    0  TYR 175 3    1     0    0  0  0   3.42
 ILE 186 1    0  SER 173 3    1     0    0  0  0   3.5
 ILE 186 1    0  HIS 108 3    1     0    0  0  0   3.55
 ILE 186 1    0  ARG 222 3    1     0    0  0  0   3.9
 ILE 186 1    0  ARG 176 3    1     0    0  0  0   4.43
 ILE 186 1    0  SER 184 3    1     0    0  0  0   4.63
 ILE 186 1    0  GLN 174 3    1     0    0  0  0   3.37
 ALA 187 1    0  SER 173 3    1     0    0  0  0   4.49
 ALA 187 1    0  GLN 174 3    1     0    0  0  0   4.99
 TYR 191 1    0  TYR 183 3    1     0    0  0  0   4.63
 TYR 194 1    0  TYR 183 3    1     0    0  0  0   4.21
 ASP 198 1    0  THR 182 3    1     0    0  0  0   4.16
 ASP 198 1    0  TYR 183 3    1     0    0  0  0   4.73
 ASP 200 1    0  GLY 137 3    1     0    0  0  0   4.36
 ARG 205 1    0  THR 182 3    1     0    0  0  0   4.65
 VAL 210 1    0  TYR 183 3    1     0    0  0  0   3.73
 THR 211 1    0  TYR 183 3    1     0    0  0  0   4.04
 ASP 213 1    0  ASP 181 3    1     0    0  0  0   3.51
 ASP 213 1    0  PHE 177 3    1     0    0  0  0   3.75
 ARG 220 1    0  ARG 235 1    1     0    0  0  0   3.87
 ARG 220 1    0   GLU 79 1    1     0    0  0  0   4.79
 ARG 220 1    0  TYR 237 1    1     0    0  0  0   4.77
 VAL 222 1    0  ARG 235 1    1     0    0  0  0   3.19
 VAL 222 1    0  SER 127 1    1     0    0  0  0   4.02
 VAL 222 1    0  VAL 125 1    1     0    0  0  0   4.69
 THR 223 1    0  SER 127 1    1     0    0  0  0   3.73
 THR 223 1    0  ALA 129 1    1     0    0  0  0   3.77
 THR 223 1    0  VAL 128 1    1     0    0  0  0   3.74
 SER 224 1    0  ALA 129 1    1     0    0  0  0   3.49
 SER 224 1    0  LYS 231 1    1     0    0  0  0   3.62
 SER 224 1    0  VAL 233 1    1     0    0  0  0   4.02
 SER 224 1    0  SER 127 1    1     0    0  0  0   4.81
 GLU 225 1    0  LYS 131 1    1     0    0  0  0   4.73
 GLU 225 1    0  ALA 129 1    1     0    0  0  0   3.84
 GLN 226 1    0  ALA 129 1    1     0    0  0  0   3.84
 GLN 226 1    0  ALA 130 1    1     0    0  0  0   3.03
 GLN 226 1    0  LYS 131 1    1     0    0  0  0   4.98
 GLN 226 1    0  VAL 128 1    1     0    0  0  0   3.76
 LEU 227 1    0  ASP 132 1    1     0    0  0  0   3.85
 LEU 227 1    0  GLY 133 1    1     0    0  0  0   4.34
 LEU 227 1    0  ALA 130 1    1     0    0  0  0   3.09
 LEU 227 1    0  LYS 131 1    1     0    0  0  0   3.39
 HIS 228 1    0  GLY 133 1    1     0    0  0  0   4.08
 HIS 228 1    0  ASP 132 1    1     0    0  0  0   4.8
 HIS 228 1    0  ALA 130 1    1     0    0  0  0   4.84
 LYS 231 1    0  SER 224 1    4     0    0  0  0   3.62
 VAL 233 1    0  SER 224 1    4     0    0  0  0   4.02
 ARG 235 1    0  VAL 222 1    4     0    0  0  0   3.19
 ARG 235 1    0  ASP 156 1    4     0    0  0  0   4.5
 ARG 235 1    0  ARG 220 1    4     0    0  0  0   3.87
 ARG 235 1    0  ARG 155 1    4     0    0  0  0   4.72
 TYR 237 1    0  GLN 161 1    4     0    0  0  0   3.99
 TYR 237 1    0  PHE 169 1    4     0    0  0  0   3.15
 TYR 237 1    0  ARG 220 1    4     0    0  0  0   4.77
 TYR 237 1    0  GLN 141 1    4     0    0  0  0   4.83
 TYR 237 1    0  TRP 160 1    4     0    0  0  0   4.75
 LEU 266 1   12  VAL 160 2   17     3    0 -1 -1   2.59
 LEU 266 1   12  GLU 161 2   17     3    0 -1 -1   4.91
 LEU 266 1   17  VAL 160 2   12     3    0 -1  0   3.13
 SER 267 1   12  VAL 160 2   17     3    0 -1 -1   2.64
 SER 267 1   17  VAL 160 2   12     3    0 -1  0   2.45
 SER 268 1   12  VAL 160 2   17     3    0 -1 -1   4.31
 SER 268 1   17  VAL 160 2   12     3    0 -1  0   3.93
 VAL 270 1   12  VAL 160 2   17     3    0 -1 -1   4.95
 VAL 270 1   17  VAL 160 2   12     3    0 -1  0   4.99
 THR 280 1   12   LYS 77 3    8     2    0 -1 -1   2.7
 THR 280 1   17   LYS 77 3   27     2    0 -1  0   4.57
 ASN 281 1   12   LYS 77 3    8     2    0 -1 -1   3.59
  SER 10 2    0   ASN 29 1   14     1    0  0  0   3.52
  ASP 11 2    0   ASN 29 1   14     1    0  0  0   4.08
  ILE 13 2    0   ASN 29 1   14     1    0  0  0   2.79
  ILE 13 2    0   SER 28 1   14     1    0  0  0   4.36
  ILE 13 2    0   ALA 31 1   14     1    0  0  0   3.74
  ILE 13 2    0   LEU 34 1   14     1    0  0  0   4.54
  ILE 13 2    0  GLN 160 3   14     1    0  0  0   3.88
  ILE 14 2    0   THR 27 1   14     1    0  0  0   4.38
  ILE 14 2    0   SER 28 1   14     1    0  0  0   3.44
  ILE 14 2    0   ASN 29 1   14     1    0  0  0   4.23
  ILE 14 2    0   ALA 31 1   14     1    0  0  0   4.51
  GLN 15 2    0   THR 26 1   14     1    0  0  0   3.87
  GLN 15 2    0   ASP 49 1   14     1    0  0  0   3.18
  GLN 15 2    0   THR 50 1   14     1    0  0  0   4.75
  GLN 15 2    0   PRO 32 1   14     1    0  0  0   2.77
  GLN 15 2    0   VAL 33 1   14     1    0  0  0   3.91
  GLN 15 2    0   THR 27 1   14     1    0  0  0   3.65
  GLN 15 2    0   SER 28 1   14     1    0  0  0   2.95
  GLN 15 2    0   ALA 31 1   14     1    0  0  0   3.48
  GLN 15 2    0   ASN 29 1   14     1    0  0  0   4.84
  GLN 15 2    0   ALA 30 1   14     1    0  0  0   3.75
  ILE 16 2    0   THR 26 1   14     1    0  0  0   3.4
  ILE 16 2    0   THR 27 1   14     1    0  0  0   4.24
  THR 17 2    0   PRO 25 1   14     1    0  0  0   3.19
  THR 17 2    0   ILE 51 1   14     1    0  0  0   4.36
  THR 17 2    0   GLU 52 1   14     1    0  0  0   4.6
  THR 17 2    0   HIS 24 1   14     1    0  0  0   4.58
  THR 17 2    0   THR 26 1   14     1    0  0  0   2.81
  THR 17 2    0   THR 50 1   14     1    0  0  0   3.19
  THR 17 2    0   ASP 49 1   14     1    0  0  0   3.85
  THR 17 2    0   THR 27 1   14     1    0  0  0   4.98
  ARG 18 2    0   PRO 25 1   14     1    0  0  0   3.95
  ARG 18 2    0   THR 27 1   14     1    0  0  0   2.86
  ARG 18 2    0   THR 26 1   14     1    0  0  0   3.1
  ARG 18 2    0   GLU 52 1   14     1    0  0  0   3.94
  GLY 19 2    0   GLU 52 1   14     1    0  0  0   2.9
  GLY 19 2    0   ILE 51 1   14     1    0  0  0   3.56
  GLY 19 2    0   THR 50 1   14     1    0  0  0   4.53
  ASP 20 2    0   GLU 52 1   14     1    0  0  0   4.97
  ASP 20 2    0   ILE 51 1   14     1    0  0  0   4.02
  ASP 20 2    0  THR 151 3   14     1    0  0  0   3.35
  ASP 20 2    0   THR 50 1   14     1    0  0  0   4.83
  ASP 20 2    0  HIS 152 3   14     1    0  0  0   3.07
  ASP 20 2    0  GLY 150 3   14     1    0  0  0   4.51
  ASP 20 2    0   ASP 51 2   13     1    0  0  0   3.99
  ASP 20 2    0  ALA 254 2   13     1    0  0  0   4.54
  SER 21 2    0  HIS 152 3   14     1    0  0  0   3.38
  SER 21 2    0   THR 50 1   14     1    0  0  0   4.15
  THR 22 2    0  VAL 154 3   14     1    0  0  0   2.91
  THR 22 2    0  HIS 152 3   14     1    0  0  0   3.02
  THR 22 2    0  VAL 153 3   14     1    0  0  0   3.22
  THR 22 2    0   THR 50 1   14     1    0  0  0   2.65
  THR 22 2    0   VAL 33 1   14     1    0  0  0   4.15
  THR 22 2    0   ILE 51 1   14     1    0  0  0   4.78
  THR 22 2    0   ASP 49 1   14     1    0  0  0   4.59
  ILE 23 2    0  VAL 154 3   14     1    0  0  0   3.77
  THR 24 2    0  VAL 154 3   14     1    0  0  0   2.76
  THR 24 2    0  VAL 153 3   14     1    0  0  0   4.98
  THR 24 2    0   VAL 33 1   14     1    0  0  0   3.54
  THR 24 2    0   LEU 34 1   14     1    0  0  0   4.33
  THR 24 2    0   ALA 31 1   14     1    0  0  0   4.89
  THR 24 2    0  ASP 156 3   14     1    0  0  0   3.33
  THR 24 2    0  LYS 128 3   14     1    0  0  0   4.75
  THR 24 2    0  TRP 155 3   14     1    0  0  0   3.68
  SER 25 2    0  LYS 128 3   14     1    0  0  0   4.24
  SER 25 2    0  ASP 156 3   14     1    0  0  0   3.67
  GLN 26 2    0  ASP 156 3   14     1    0  0  0   2.8
  GLN 26 2    0   LEU 34 1   14     1    0  0  0   3.6
  GLN 26 2    0  GLY 158 3   14     1    0  0  0   3.19
  GLN 26 2    0  VAL 157 3   14     1    0  0  0   3.83
  GLN 26 2    0  GLN 160 3   14     1    0  0  0   3.06
  GLN 26 2    0  LEU 159 3   14     1    0  0  0   3.31
  GLN 26 2    0  TRP 155 3   14     1    0  0  0   4.8
  ASP 27 2    0  ASP 156 3   14     1    0  0  0   4.18
  TRP 38 2    0   THR 27 1   14     1    0  0  0   3.81
  LEU 42 2    0   ARG 54 1    1     0    0  0  0   3.35
  THR 43 2    0   ARG 54 1    1     0    0  0  0   3.85
  PRO 44 2    0   GLN 57 1    1     0    0  0  0   3.13
  PRO 44 2    0   VAL 56 1    1     0    0  0  0   3.86
  PRO 44 2    0   TYR 55 1    1     0    0  0  0   3.2
  PRO 44 2    0   ARG 54 1    1     0    0  0  0   3.79
  GLN 45 2    0   GLN 57 1    1     0    0  0  0   3.4
  ALA 47 2    0  GLN 174 3    1     0    0  0  0   4.12
  ALA 47 2    0   VAL 56 1    1     0    0  0  0   3.42
  ALA 47 2    0   ARG 54 1    1     0    0  0  0   3.62
  ALA 47 2    0   TYR 55 1    1     0    0  0  0   4.9
  THR 48 2    0  TRP 169 3    1     0    0  0  0   3.29
  THR 48 2    0   VAL 56 1    1     0    0  0  0   4.12
  THR 48 2    0  GLN 174 3    1     0    0  0  0   3.15
  THR 48 2    0  SER 171 3    1     0    0  0  0   4.06
  THR 48 2    0  SER 173 3    1     0    0  0  0   3.96
  THR 48 2    0  ALA 172 3    1     0    0  0  0   3.53
  ALA 49 2    0  TRP 169 3    1     0    0  0  0   3.38
  ALA 49 2    0  SER 171 3    1     0    0  0  0   3.68
  ALA 49 2    0  ILE 170 3    1     0    0  0  0   4.01
  ALA 49 2    0   VAL 56 1    1     0    0  0  0   4.6
  ALA 49 2    0   ARG 54 1    1     0    0  0  0   3.7
  ILE 50 2    0  TRP 169 3    1     0    0  0  0   2.94
  ILE 50 2    0   VAL 56 1    1     0    0  0  0   3.86
  ILE 50 2    0   ILE 20 1    1     0    0  0  0   3.59
  ILE 50 2    0  ASP 218 3    1     0    0  0  0   4.27
  ILE 50 2    0   THR 53 1    1     0    0  0  0   3.38
  ILE 50 2    0  SER 112 3    1     0    0  0  0   3.34
  ILE 50 2    0  PRO 168 3    1     0    0  0  0   3.76
  ILE 50 2    0   ILE 51 1    1     0    0  0  0   4.7
  ILE 50 2    0   PRO 47 1    1     0    0  0  0   3.53
  ILE 50 2    0   ARG 54 1    1     0    0  0  0   2.91
  ILE 50 2    0   GLU 52 1    1     0    0  0  0   4.79
  ASP 51 2    0  ILE 170 3    1     0    0  0  0   3.72
  ASP 51 2    0  TRP 169 3    1     0    0  0  0   4.66
  ASP 51 2    0   ILE 51 1    1     0    0  0  0   3.8
  ASP 51 2    0   THR 53 1    1     0    0  0  0   4.33
  ASP 51 2    0   ARG 54 1    1     0    0  0  0   3.8
  ASP 51 2    0   GLU 52 1    1     0    0  0  0   4.04
  ASP 51 2    0   ASP 20 2   13     1    0  0  0   3.99
  LYS 52 2    0   GLU 52 1    1     0    0  0  0   3.35
  LYS 52 2    0   THR 53 1    1     0    0  0  0   3.85
  LYS 52 2    0   ARG 54 1    1     0    0  0  0   3.79
  LYS 52 2    0   GLN 22 1    1     0    0  0  0   3.82
  LYS 52 2    0   SER 23 1    1     0    0  0  0   4.62
  LYS 52 2    0   THR 58 2   13     1    0  0  0   3.05
  LYS 52 2    0   ASP 57 2   13     1    0  0  0   3.15
  PRO 53 2    0   ARG 54 1    1     0    0  0  0   3.68
  PRO 53 2    0   THR 58 2   13     1    0  0  0   4.45
  PRO 53 2    0   ASP 57 2   13     1    0  0  0   4.64
  THR 54 2    0   SER 59 2   13     1    0  0  0   3.34
  THR 54 2    0   PRO 56 2   13     1    0  0  0   2.78
  THR 54 2    0   ASP 57 2   13     1    0  0  0   4.86
  GLN 55 2    0   PRO 56 2   13     1    0  0  0   4.84
  GLN 55 2    0   GLN 55 2   13     1    0  0  0   4.3
  PRO 56 2    0   THR 54 2   13     1    0  0  0   2.78
  PRO 56 2    0   GLN 55 2   13     1    0  0  0   4.84
  ASP 57 2    0   THR 54 2   13     1    0  0  0   4.86
  ASP 57 2    0   PRO 53 2   13     1    0  0  0   4.64
  ASP 57 2    0   LYS 52 2   13     1    0  0  0   3.15
  THR 58 2    0   GLU 52 1   14     1    0  0  0   3.68
  THR 58 2    0   LYS 52 2   13     1    0  0  0   3.05
  THR 58 2    0   PRO 53 2   13     1    0  0  0   4.45
  SER 59 2    0   THR 54 2   13     1    0  0  0   3.34
  SER 59 2    0   HIS 99 2   13     1    0  0  0   2.73
  SER 59 2    0  ALA 254 2   13     1    0  0  0   4.09
  ASN 61 2    0   GLU 52 1   14     1    0  0  0   4.8
  ARG 62 2    0  LEU 149 3   14     1    0  0  0   3.11
  ARG 62 2    0  GLY 150 3   14     1    0  0  0   3.39
  ARG 62 2    0  THR 151 3   14     1    0  0  0   4.35
  ARG 62 2    0  ALA 254 2   13     1    0  0  0   3.37
  ARG 62 2    0  ARG 255 2   13     1    0  0  0   4.98
  PHE 63 2    0  MET 148 3   14     1    0  0  0   4.05
  PHE 63 2    0  HIS 152 3   14     1    0  0  0   3.5
  TYR 64 2    0  MET 148 3   14     1    0  0  0   3.76
  TYR 64 2    0  LEU 149 3   14     1    0  0  0   3.74
  THR 65 2    0  MET 148 3   14     1    0  0  0   3.32
  THR 65 2    0  ARG 144 3   14     1    0  0  0   3.99
  THR 65 2    0  LEU 130 3   14     1    0  0  0   4.23
  THR 65 2    0  GLN 194 3   14     1    0  0  0   3.56
  THR 65 2    0  HIS 152 3   14     1    0  0  0   4.72
  LEU 66 2    0  ARG 144 3   14     1    0  0  0   3.21
  ASP 67 2    0  ARG 144 3   14     1    0  0  0   4.26
  SER 68 2    0   LEU 78 3   14     1    0  0  0   3.51
  SER 68 2    0  ARG 144 3   14     1    0  0  0   2.95
  SER 68 2    0  GLN 194 3   14     1    0  0  0   3.5
  LYS 69 2    0   LEU 78 3   14     1    0  0  0   4.41
  MET 70 2    0   LEU 78 3   14     1    0  0  0   4.05
  MET 70 2   17   SER 60 3   12     3    0 -1  0   3.96
  MET 70 2    5  GLY 157 2    2     3    1  0 -1   4.62
  MET 70 2    2  ILE 234 2    5     3    1  0  0   2.9
  MET 70 2   22  ILE 234 2   25     3    1  0 -1   3.78
  ASN 72 2    2  SER 235 2    5     3    1  0  0   1.81
  ASN 72 2    2  ASN 236 2    5     3    1  0  0   4.64
  ASN 72 2    2  ILE 234 2    5     3    1  0  0   3.46
  ASN 72 2   19  SER 235 2    8     3    0  0  0   4.78
  ASN 72 2   19  ILE 234 2    8     3    0  0  0   2.29
  ASN 72 2   22  SER 235 2   25     3    1  0 -1   2.71
  ASN 72 2   22  ILE 234 2   25     3    1  0 -1   4.51
  ASN 72 2   10  ILE 234 2   27     2    0 -1  0   3.56
  SER 73 2   12   SER 73 2   17     3    0 -1 -1   4.84
  SER 73 2   12   THR 74 2   17     3    0 -1 -1   4.02
  SER 73 2   12  GLN 228 2   17     3    0 -1 -1   3.32
  SER 73 2   17   THR 74 2   12     3    0 -1  0   3.99
  SER 73 2   17   SER 73 2   12     3    0 -1  0   4.84
  SER 73 2   17  GLN 228 2   12     3    0 -1  0   3.1
  SER 73 2    2  ASN 205 3   22     3    1  0  0   4.92
  SER 73 2    2   THR 76 3   22     3    1  0  0   4.97
  SER 73 2    2  SER 235 2    5     3    1  0  0   2.68
  SER 73 2    2  ASN 236 2    5     3    1  0  0   4.69
  SER 73 2   19  SER 235 2    8     3    0  0  0   2.17
  SER 73 2   22  SER 235 2   25     3    1  0 -1   3.26
  SER 73 2   10  SER 235 2   27     2    0 -1  0   3.06
  THR 74 2   12   THR 74 2   17     3    0 -1 -1   3.83
  THR 74 2   12   SER 73 2   17     3    0 -1 -1   3.99
  THR 74 2   12  GLN 228 2   17     3    0 -1 -1   4.09
  THR 74 2   17   THR 74 2   12     3    0 -1  0   3.83
  THR 74 2   17   SER 73 2   12     3    0 -1  0   4.02
  THR 74 2   17  GLN 228 2   12     3    0 -1  0   4.28
  THR 74 2   22   THR 76 3    2     3    1  0 -1   3.15
  THR 74 2   22  SER 235 2   25     3    1  0 -1   3.48
  THR 74 2    2   GLN 75 3   22     3    1  0  0   4.42
  THR 74 2    2   THR 76 3   22     3    1  0  0   3.15
  THR 74 2    2   PRO 74 3   22     3    1  0  0   4.86
  THR 74 2    2  ILE 237 2    5     3    1  0  0   4.09
  THR 74 2    2  SER 235 2    5     3    1  0  0   2.67
  THR 74 2    2  ASN 236 2    5     3    1  0  0   4.56
  THR 74 2   19  SER 235 2    8     3    0  0  0   3.13
  THR 74 2   10  SER 235 2   27     2    0 -1  0   3.45
  THR 74 2   20   THR 74 2    4     2    1 -1 -1   4.33
  THR 74 2    4   THR 74 2   20     2    1  0 -1   4.33
  LYS 76 2   12  GLY 157 2   17     3    0 -1 -1   4.78
  LYS 76 2   17  GLY 157 2   12     3    0 -1  0   4.94
  LYS 76 2   22   THR 76 3    2     3    1  0 -1   4.83
  LYS 76 2   22   LYS 77 3    2     3    1  0 -1   4.72
  LYS 76 2    2   LYS 77 3   22     3    1  0  0   4.18
  LYS 76 2    2   THR 76 3   22     3    1  0  0   3.94
  ASP 88 2    0  LYS 145 3   14     1    0  0  0   2.83
  MET 89 2    0  LYS 145 3   14     1    0  0  0   4.1
  MET 89 2    0  MET 148 3   14     1    0  0  0   3.64
  MET 89 2    0  LEU 149 3   14     1    0  0  0   4.52
  GLY 90 2    0  LEU 149 3   14     1    0  0  0   3.91
  GLY 90 2    0   TYR 98 2   13     1    0  0  0   3.39
  ILE 91 2    0   GLU 94 2   13     1    0  0  0   4.57
  ILE 91 2    0   ASN 95 2   13     1    0  0  0   3.73
  ILE 91 2    0   TYR 98 2   13     1    0  0  0   3.85
  ILE 91 2    0   HIS 99 2   13     1    0  0  0   4.04
  GLU 94 2    0   ILE 91 2   13     1    0  0  0   4.57
  GLU 94 2    0   GLU 94 2   13     1    0  0  0   3.36
  GLU 94 2    0   TYR 98 2   13     1    0  0  0   2.78
  GLU 94 2    0  LYS 257 2   13     1    0  0  0   4.69
  ASN 95 2    0   ILE 91 2   13     1    0  0  0   3.73
  TYR 98 2    0   ILE 91 2   13     1    0  0  0   3.85
  TYR 98 2    0   GLY 90 2   13     1    0  0  0   3.39
  TYR 98 2    0   GLU 94 2   13     1    0  0  0   2.78
  HIS 99 2    0   ILE 91 2   13     1    0  0  0   4.04
  HIS 99 2    0   SER 59 2   13     1    0  0  0   2.73
 PHE 100 2    0  PRO 136 3    1     0    0  0  0   3.32
 PHE 100 2    0  ARG 176 3    1     0    0  0  0   4.05
 PHE 100 2    0  ILE 170 3    1     0    0  0  0   3.78
 PHE 100 2    0  SER 171 3    1     0    0  0  0   4.15
 PHE 100 2    0  ALA 172 3    1     0    0  0  0   4.32
 PHE 100 2    0  GLY 137 3    1     0    0  0  0   4.13
 PHE 100 2    0  PRO 135 3    1     0    0  0  0   4.03
 LEU 101 2    0  ALA 172 3    1     0    0  0  0   3.75
 LEU 101 2    0  SER 171 3    1     0    0  0  0   3.48
 LEU 101 2    0  ILE 170 3    1     0    0  0  0   4.14
 GLN 111 2    0  GLN 194 3   14     1    0  0  0   2.87
 GLN 111 2    0  VAL 154 3   14     1    0  0  0   3.72
 GLN 111 2    0  LYS 128 3   14     1    0  0  0   3.68
 GLN 111 2    0  THR 195 3   14     1    0  0  0   3.91
 CYS 112 2    0  THR 195 3   14     1    0  0  0   4.56
 CYS 112 2    0  LYS 128 3   14     1    0  0  0   4.03
 ASN 113 2    0  THR 195 3   14     1    0  0  0   2.65
 ASN 113 2    0  LYS 128 3   14     1    0  0  0   3.65
 ASN 113 2    0  VAL 198 3   14     1    0  0  0   3.32
 ASN 113 2    0  ASN 196 3   14     1    0  0  0   4.05
 ASN 113 2    0  THR 126 3   14     1    0  0  0   2.63
 ASN 113 2    0  LEU 127 3   14     1    0  0  0   3.33
 ASN 113 2    0  ASP 156 3   14     1    0  0  0   4.93
 ALA 114 2    0  VAL 198 3   14     1    0  0  0   3.18
 ALA 114 2    0  THR 126 3   14     1    0  0  0   2.56
 ALA 114 2    0  VAL 199 3   14     1    0  0  0   4.76
 SER 115 2    0  VAL 198 3   14     1    0  0  0   4.66
 SER 115 2    0  THR 126 3   14     1    0  0  0   4.49
 SER 115 2    0  VAL 199 3   14     1    0  0  0   4.26
 SER 115 2    0  PRO 200 3   14     1    0  0  0   3.73
 SER 115 2    0  ASN 124 3   14     1    0  0  0   4.26
 LYS 116 2    0  ASN 124 3   14     1    0  0  0   3.84
 LYS 116 2    0  ALA 123 3   14     1    0  0  0   4.82
 PHE 117 2    0  PRO 200 3   14     1    0  0  0   3.57
 PHE 117 2    0  PRO 201 3   14     1    0  0  0   4.43
 PHE 117 2    0  ASN 124 3   14     1    0  0  0   3.76
 PHE 117 2    0  PHE 117 2   14     1    0  0  0   3.76
 PHE 117 2    0  PHE 117 2    9     0    0  0  0   3.76
 HIS 118 2    0  VAL 198 3   14     1    0  0  0   3.77
 HIS 118 2    0  VAL 199 3   14     1    0  0  0   3.87
 HIS 118 2    0  PRO 200 3   14     1    0  0  0   4.78
 VAL 135 2   12  GLU 161 2   17     3    0 -1 -1   4.49
 VAL 135 2   17  GLU 161 2   12     3    0 -1  0   4.9
 ASN 136 2   12  GLU 161 2   17     3    0 -1 -1   2.79
 ASN 136 2   12  VAL 160 2   17     3    0 -1 -1   3.23
 ASN 136 2   12  ASN 162 2   17     3    0 -1 -1   3.88
 ASN 136 2   17  GLU 161 2   12     3    0 -1  0   3.22
 ASN 136 2   17  VAL 160 2   12     3    0 -1  0   3.93
 ASN 136 2   17  ASN 162 2   12     3    0 -1  0   4.38
 GLU 151 2    0  LYS 145 3   14     1    0  0  0   3.21
 GLU 155 2    5  VAL 160 2    2     3    1  0 -1   4.8
 GLY 157 2   12   LYS 76 2   17     3    0 -1 -1   4.94
 GLY 157 2   17   LYS 76 2   12     3    0 -1  0   4.78
 GLY 157 2    2   MET 70 2    5     3    1  0  0   4.62
 GLY 157 2    8  VAL 160 2   19     3    0  0 -1   3.93
 THR 158 2    5  VAL 160 2    2     3    1  0 -1   3.24
 THR 158 2    8  GLU 161 2   19     3    0  0 -1   4.93
 THR 158 2    8  VAL 160 2   19     3    0  0 -1   4.54
 THR 158 2   25  VAL 160 2   22     3    1  0  0   4.93
 VAL 160 2   12  SER 267 1   17     3    0 -1 -1   2.45
 VAL 160 2   12  SER 268 1   17     3    0 -1 -1   3.93
 VAL 160 2   12  LEU 266 1   17     3    0 -1 -1   3.13
 VAL 160 2   12  ASN 136 2   17     3    0 -1 -1   3.93
 VAL 160 2   12  VAL 270 1   17     3    0 -1 -1   4.99
 VAL 160 2   17  SER 267 1   12     3    0 -1  0   2.64
 VAL 160 2   17  LEU 266 1   12     3    0 -1  0   2.59
 VAL 160 2   17  ASN 136 2   12     3    0 -1  0   3.23
 VAL 160 2   17  SER 268 1   12     3    0 -1  0   4.31
 VAL 160 2   17  VAL 270 1   12     3    0 -1  0   4.95
 VAL 160 2    2  GLU 155 2    5     3    1  0  0   4.8
 VAL 160 2    2  THR 158 2    5     3    1  0  0   3.24
 VAL 160 2    8  GLU 161 2   19     3    0  0 -1   4.84
 VAL 160 2   19  GLY 157 2    8     3    0  0  0   3.93
 VAL 160 2   19  THR 158 2    8     3    0  0  0   4.54
 VAL 160 2   22  THR 158 2   25     3    1  0 -1   4.93
 GLU 161 2   12  VAL 135 2   17     3    0 -1 -1   4.9
 GLU 161 2   12  ASN 136 2   17     3    0 -1 -1   3.22
 GLU 161 2   17  LEU 266 1   12     3    0 -1  0   4.91
 GLU 161 2   17  ASN 136 2   12     3    0 -1  0   2.79
 GLU 161 2   17  VAL 135 2   12     3    0 -1  0   4.49
 GLU 161 2   19  THR 158 2    8     3    0  0  0   4.93
 GLU 161 2   19  VAL 160 2    8     3    0  0  0   4.84
 ASN 162 2   12  ASN 136 2   17     3    0 -1 -1   4.38
 ASN 162 2   17  ASN 136 2   12     3    0 -1  0   3.88
 ASN 196 2    0  LYS 128 3   14     1    0  0  0   3.16
 ASN 196 2    0  ASP 156 3   14     1    0  0  0   3.19
 ASN 196 2    0  VAL 157 3   14     1    0  0  0   4.99
 SER 197 2    0  LYS 128 3   14     1    0  0  0   4.36
 ILE 201 2    0   THR 27 1   14     1    0  0  0   4.08
 VAL 208 2    0  TYR 183 3    1     0    0  0  0   4.53
 VAL 208 2    0  SER 173 3    1     0    0  0  0   3.75
 VAL 208 2    0  ALA 172 3    1     0    0  0  0   3.48
 PRO 209 2    0  ALA 172 3    1     0    0  0  0   3.61
 MET 210 2    0  ALA 172 3    1     0    0  0  0   3.38
 ASP 211 2    0  ALA 172 3    1     0    0  0  0   3.75
 ARG 215 2    0  GLY 137 3    1     0    0  0  0   3.98
 GLN 228 2   12   SER 73 2   17     3    0 -1 -1   3.1
 GLN 228 2   12  ILE 234 2   17     3    0 -1 -1   4.63
 GLN 228 2   12   THR 74 2   17     3    0 -1 -1   4.28
 GLN 228 2   17   SER 73 2   12     3    0 -1  0   3.32
 GLN 228 2   17   THR 74 2   12     3    0 -1  0   4.09
 GLN 230 2   12  ILE 234 2   17     3    0 -1 -1   2.29
 GLN 230 2   17  ILE 234 2   12     3    0 -1  0   2.71
 GLN 230 2   20  ILE 234 2    4     2    1 -1 -1   4.07
 GLN 230 2    4  ILE 234 2   20     2    1  0 -1   4.51
 SER 231 2   22  ASN 232 2    2     3    1  0 -1   4.24
 SER 231 2    2  ASN 232 2   22     3    1  0  0   3.99
 ASN 232 2    0  PRO 201 3   14     1    0  0  0   3.99
 ASN 232 2   12  ASN 232 2   17     3    0 -1 -1   2.56
 ASN 232 2   12  ASN 205 3   17     3    0 -1 -1   2.69
 ASN 232 2   12  ASN 202 3   17     3    0 -1 -1   4.99
 ASN 232 2   17  ASN 205 3   12     3    0 -1  0   2.73
 ASN 232 2   17  ASN 232 2   12     3    0 -1  0   2.56
 ASN 232 2   17  THR 203 3   12     3    0 -1  0   4.99
 ASN 232 2   22  ASN 202 3    2     3    1  0 -1   2.55
 ASN 232 2   22  ASN 232 2    2     3    1  0 -1   2.97
 ASN 232 2   22  SER 231 2    2     3    1  0 -1   3.99
 ASN 232 2   22  ASN 233 2    2     3    1  0 -1   4.72
 ASN 232 2    2  ASN 232 2   22     3    1  0  0   2.97
 ASN 232 2    2  ASN 202 3   22     3    1  0  0   2.24
 ASN 232 2    2  SER 231 2   22     3    1  0  0   4.24
 ASN 232 2    2  ASN 233 2   22     3    1  0  0   4.66
 ASN 232 2    5  SER 235 2    2     3    1  0 -1   2.26
 ASN 232 2    5  ILE 234 2    2     3    1  0 -1   2.73
 ASN 232 2    5  ASN 236 2    2     3    1  0 -1   4.01
 ASN 232 2    5   THR 76 3   20     2    1  0 -1   3.63
 ASN 232 2    8  ILE 234 2   19     3    0  0 -1   2.97
 ASN 232 2    8  SER 235 2   19     3    0  0 -1   2.85
 ASN 232 2    8  ASN 236 2   19     3    0  0 -1   4.75
 ASN 232 2    8   THR 76 3   12     2    0  0 -1   4.78
 ASN 232 2   19  ASN 232 2   10     2    0  0  0   3.88
 ASN 232 2   19  ASN 202 3   10     2    0  0  0   2.24
 ASN 232 2   10  ASN 232 2   19     2    0 -1  0   3.88
 ASN 232 2   10  ASN 202 3   19     2    0 -1  0   2.37
 ASN 232 2   25  SER 235 2   22     3    1  0  0   2.46
 ASN 232 2   25  ILE 234 2   22     3    1  0  0   3.55
 ASN 232 2   25  ASN 236 2   22     3    1  0  0   4.59
 ASN 232 2   25   THR 76 3    4     3    1  0  0   4.38
 ASN 232 2   27  ILE 234 2   10     2    0  0  0   3.54
 ASN 232 2   27  SER 235 2   10     2    0  0  0   3.1
 ASN 232 2   20  ASN 232 2    4     2    1 -1 -1   3.37
 ASN 232 2   20  ASN 205 3    4     2    1 -1 -1   4.68
 ASN 232 2    4  ASN 232 2   20     2    1  0 -1   3.37
 ASN 232 2    4  ASN 205 3   20     2    1  0 -1   4.15
 ASN 233 2    0  VAL 199 3   14     1    0  0  0   2.8
 ASN 233 2    0  PRO 200 3   14     1    0  0  0   3.96
 ASN 233 2    0  PRO 201 3   14     1    0  0  0   3.92
 ASN 233 2   12  ASN 205 3   17     3    0 -1 -1   4.87
 ASN 233 2   17  ASN 205 3   12     3    0 -1  0   4.55
 ASN 233 2   22  ASN 202 3    2     3    1  0 -1   2.73
 ASN 233 2   22  ASN 232 2    2     3    1  0 -1   4.66
 ASN 233 2   22  ASN 202 3   25     3    1  0 -1   3.95
 ASN 233 2    2  ASN 202 3   22     3    1  0  0   2.31
 ASN 233 2    2  PRO 201 3   22     3    1  0  0   4.68
 ASN 233 2    2  ASN 232 2   22     3    1  0  0   4.72
 ASN 233 2    2  ASN 202 3    5     3    1  0  0   3.38
 ASN 233 2    2  ASN 202 3    4     3    1  0  0   4.65
 ASN 233 2    5  SER 235 2    2     3    1  0 -1   4.41
 ASN 233 2    5  ILE 234 2    2     3    1  0 -1   2.88
 ASN 233 2    8  ILE 234 2   19     3    0  0 -1   2.42
 ASN 233 2   19  ASN 202 3   10     2    0  0  0   3.02
 ASN 233 2   19  ASN 202 3    8     3    0  0  0   3.06
 ASN 233 2   19  ASN 202 3   17     2    0  0  0   4.46
 ASN 233 2   10  ASN 202 3   19     2    0 -1  0   3.35
 ASN 233 2   10  ASN 202 3   27     2    0 -1  0   3.39
 ASN 233 2   10  ASN 202 3   12     3    0 -1  0   4.42
 ASN 233 2   25  SER 235 2   22     3    1  0  0   4.69
 ASN 233 2   25  ILE 234 2   22     3    1  0  0   2.62
 ASN 233 2   27  ILE 234 2   10     2    0  0  0   2.89
 ILE 234 2   12  GLN 230 2   17     3    0 -1 -1   2.71
 ILE 234 2   12  THR 206 3   17     3    0 -1 -1   2.85
 ILE 234 2   17  THR 206 3   12     3    0 -1  0   2.69
 ILE 234 2   17  GLN 230 2   12     3    0 -1  0   2.29
 ILE 234 2   17  GLN 228 2   12     3    0 -1  0   4.63
 ILE 234 2   22  ASN 202 3    2     3    1  0 -1   3.53
 ILE 234 2   22  PRO 201 3    2     3    1  0 -1   2.98
 ILE 234 2   22  PRO 200 3    2     3    1  0 -1   3.61
 ILE 234 2   22  ASN 205 3    2     3    1  0 -1   4.28
 ILE 234 2   22  VAL 199 3    2     3    1  0 -1   4.97
 ILE 234 2   22  ASN 232 2   25     3    1  0 -1   3.55
 ILE 234 2   22  ASN 233 2   25     3    1  0 -1   2.62
 ILE 234 2    2  VAL 199 3   22     3    1  0  0   4.47
 ILE 234 2    2  PRO 201 3   22     3    1  0  0   2.24
 ILE 234 2    2  PRO 200 3   22     3    1  0  0   2.86
 ILE 234 2    2  ASN 202 3   22     3    1  0  0   3.05
 ILE 234 2    2  THR 203 3   22     3    1  0  0   4.8
 ILE 234 2    2  ASN 205 3   22     3    1  0  0   4.49
 ILE 234 2    2  ASN 233 2    5     3    1  0  0   2.88
 ILE 234 2    2  ASN 232 2    5     3    1  0  0   2.73
 ILE 234 2    5   MET 70 2    2     3    1  0 -1   2.9
 ILE 234 2    5   ASN 72 2    2     3    1  0 -1   3.46
 ILE 234 2    8   ASN 72 2   19     3    0  0 -1   2.29
 ILE 234 2   19  ASN 202 3   10     2    0  0  0   3.95
 ILE 234 2   19  PRO 201 3   10     2    0  0  0   2.8
 ILE 234 2   19  PRO 200 3   10     2    0  0  0   4.55
 ILE 234 2   19  ASN 233 2    8     3    0  0  0   2.42
 ILE 234 2   19  ASN 232 2    8     3    0  0  0   2.97
 ILE 234 2   10  ASN 202 3   19     2    0 -1  0   4.07
 ILE 234 2   10  PRO 201 3   19     2    0 -1  0   3.16
 ILE 234 2   10  ASN 232 2   27     2    0 -1  0   3.54
 ILE 234 2   10  ASN 233 2   27     2    0 -1  0   2.89
 ILE 234 2   25   MET 70 2   22     3    1  0  0   3.78
 ILE 234 2   25   ASN 72 2   22     3    1  0  0   4.51
 ILE 234 2   27   ASN 72 2   10     2    0  0  0   3.56
 ILE 234 2   20  GLN 230 2    4     2    1 -1 -1   4.51
 ILE 234 2    4  GLN 230 2   20     2    1  0 -1   4.07
 SER 235 2   12  THR 206 3   17     3    0 -1 -1   3.79
 SER 235 2   12   SER 73 3   17     3    0 -1 -1   4.73
 SER 235 2   17   SER 73 3   12     3    0 -1  0   4.08
 SER 235 2   17  THR 206 3   12     3    0 -1  0   3.29
 SER 235 2   17   THR 71 3   12     3    0 -1  0   4.41
 SER 235 2   22  PRO 201 3    2     3    1  0 -1   3.19
 SER 235 2   22  ASN 202 3    2     3    1  0 -1   4.65
 SER 235 2   22  ASN 232 2   25     3    1  0 -1   2.46
 SER 235 2   22  ASN 233 2   25     3    1  0 -1   4.69
 SER 235 2   22  ASN 202 3   25     3    1  0 -1   2.61
 SER 235 2    2  PRO 201 3   22     3    1  0  0   2.61
 SER 235 2    2  ASN 202 3   22     3    1  0  0   4.41
 SER 235 2    2  ASN 232 2    5     3    1  0  0   2.26
 SER 235 2    2  ASN 202 3    5     3    1  0  0   2.23
 SER 235 2    2  ASN 233 2    5     3    1  0  0   4.41
 SER 235 2    5   ASN 72 2    2     3    1  0 -1   1.81
 SER 235 2    5   SER 73 2    2     3    1  0 -1   2.68
 SER 235 2    5   THR 74 2    2     3    1  0 -1   2.67
 SER 235 2    8   SER 73 2   19     3    0  0 -1   2.17
 SER 235 2    8   THR 74 2   19     3    0  0 -1   3.13
 SER 235 2    8   ASN 72 2   19     3    0  0 -1   4.78
 SER 235 2   19  ASN 202 3   10     2    0  0  0   4.69
 SER 235 2   19  PRO 201 3   10     2    0  0  0   3.65
 SER 235 2   19  ASN 202 3    8     3    0  0  0   1.53
 SER 235 2   19  ASN 232 2    8     3    0  0  0   2.85
 SER 235 2   19  PRO 201 3    8     3    0  0  0   4.67
 SER 235 2   19  THR 203 3    8     3    0  0  0   4.75
 SER 235 2   10  PRO 201 3   19     2    0 -1  0   4.4
 SER 235 2   10  ASN 232 2   27     2    0 -1  0   3.1
 SER 235 2   10  ASN 202 3   27     2    0 -1  0   1.43
 SER 235 2   10  PRO 201 3   27     2    0 -1  0   4.9
 SER 235 2   25   ASN 72 2   22     3    1  0  0   2.71
 SER 235 2   25   SER 73 2   22     3    1  0  0   3.26
 SER 235 2   25   THR 74 2   22     3    1  0  0   3.48
 SER 235 2   27   THR 74 2   10     2    0  0  0   3.45
 SER 235 2   27   SER 73 2   10     2    0  0  0   3.06
 SER 235 2    4  THR 206 3   20     2    1  0 -1   4.76
 ASN 236 2    0  ASN 196 3   14     1    0  0  0   3.55
 ASN 236 2    0   PRO 74 3   14     1    0  0  0   3.75
 ASN 236 2    0  PHE 197 3   14     1    0  0  0   3.02
 ASN 236 2    0  VAL 199 3   14     1    0  0  0   3.27
 ASN 236 2    0  VAL 198 3   14     1    0  0  0   3.62
 ASN 236 2    0  ASN 205 3   14     1    0  0  0   4.87
 ASN 236 2    5   ASN 72 2    2     3    1  0 -1   4.64
 ASN 236 2    5   SER 73 2    2     3    1  0 -1   4.69
 ASN 236 2    5   THR 74 2    2     3    1  0 -1   4.56
 ASN 236 2    2  ASN 232 2    5     3    1  0  0   4.01
 ASN 236 2    2  ASN 202 3    5     3    1  0  0   4.79
 ASN 236 2   19  ASN 202 3    8     3    0  0  0   4.17
 ASN 236 2   19  ASN 232 2    8     3    0  0  0   4.75
 ASN 236 2   22  ASN 232 2   25     3    1  0 -1   4.59
 ASN 236 2   10  ASN 202 3   27     2    0 -1  0   4.52
 ILE 237 2    0   GLN 75 3   14     1    0  0  0   3.72
 ILE 237 2    0   THR 76 3   14     1    0  0  0   3.94
 ILE 237 2    0  ASN 196 3   14     1    0  0  0   2.83
 ILE 237 2    0  VAL 198 3   14     1    0  0  0   4.33
 ILE 237 2    5   THR 74 2    2     3    1  0 -1   4.09
 VAL 238 2    0  ASN 196 3   14     1    0  0  0   4.94
 VAL 238 2    0  VAL 198 3   14     1    0  0  0   4.31
 PRO 239 2    0   LEU 78 3   14     1    0  0  0   3.66
 PRO 239 2    0  THR 195 3   14     1    0  0  0   3.71
 PRO 239 2    0  ASN 196 3   14     1    0  0  0   3.52
 THR 241 2    0  GLN 194 3   14     1    0  0  0   2.7
 THR 241 2    0  THR 195 3   14     1    0  0  0   3.64
 THR 241 2    0  ARG 144 3   14     1    0  0  0   4.25
 SER 243 2    0  GLN 194 3   14     1    0  0  0   3.38
 SER 243 2    0  VAL 154 3   14     1    0  0  0   4.98
 GLU 250 2    0   ARG 54 1    1     0    0  0  0   4.99
 SER 252 2    0  ILE 170 3    1     0    0  0  0   4.78
 GLY 253 2    0  PRO 135 3    1     0    0  0  0   3.98
 GLY 253 2    0  ILE 170 3    1     0    0  0  0   3.9
 ALA 254 2    0  PRO 135 3    1     0    0  0  0   4.03
 ALA 254 2    0  LEU 149 3    1     0    0  0  0   3.62
 ALA 254 2    0  GLY 150 3    1     0    0  0  0   3.5
 ALA 254 2    0  THR 151 3    1     0    0  0  0   4.5
 ALA 254 2    0   ARG 62 2   13     1    0  0  0   3.37
 ALA 254 2    0   ASP 20 2   13     1    0  0  0   4.54
 ALA 254 2    0   SER 59 2   13     1    0  0  0   4.09
 ARG 255 2    0  ILE 138 3    1     0    0  0  0   3.51
 ARG 255 2    0  PRO 135 3    1     0    0  0  0   3.44
 ARG 255 2    0  THR 134 3    1     0    0  0  0   4.17
 ARG 255 2    0  PRO 136 3    1     0    0  0  0   3.05
 ARG 255 2    0  GLY 137 3    1     0    0  0  0   3.49
 ARG 255 2    0  LEU 149 3    1     0    0  0  0   3.22
 ARG 255 2    0  GLY 150 3    1     0    0  0  0   3.91
 ARG 255 2    0   ARG 62 2   13     1    0  0  0   4.98
 ALA 256 2    0  ILE 138 3    1     0    0  0  0   3.42
 ALA 256 2    0  LEU 149 3    1     0    0  0  0   3.73
 ALA 256 2    0  GLY 150 3    1     0    0  0  0   4.93
 ALA 256 2    0  GLU 146 3    1     0    0  0  0   3.78
 LYS 257 2    0  ILE 138 3    1     0    0  0  0   3.96
 LYS 257 2    0   GLU 94 2   13     1    0  0  0   4.69
 THR 258 2    0  GLY 137 3    1     0    0  0  0   3.08
 THR 258 2    0  ILE 138 3    1     0    0  0  0   3.9
   GLY 1 3    0    TYR 5 3    4     0    0  0  0   4.02
   GLY 1 3    0    PRO 3 3    4     0    0  0  0   3.09
   GLY 1 3    0    VAL 4 3    4     0    0  0  0   4.19
   GLY 1 3    0    THR 7 3    3     0    0  0  0   4.3
   GLY 1 3    0   GLN 20 3    2     0    0  0  0   3.85
   GLY 1 3    0   PHE 32 4    2     0    0  0  0   3.87
   GLY 1 3    0   TYR 31 4    2     0    0  0  0   3.45
   LEU 2 3    0    TYR 5 3    4     0    0  0  0   2.84
   LEU 2 3    0    VAL 4 3    4     0    0  0  0   3.28
   LEU 2 3    0    PRO 3 3    4     0    0  0  0   2.92
   LEU 2 3    0    LEU 2 3    4     0    0  0  0   3.93
   LEU 2 3    0    LEU 2 3    1     0    0  0  0   3.93
   LEU 2 3    0   TYR 31 4    3     0    0  0  0   3.78
   LEU 2 3    0   TYR 31 4    2     0    0  0  0   3.79
   PRO 3 3    0    TYR 5 3    4     0    0  0  0   3.23
   PRO 3 3    0    THR 7 3    4     0    0  0  0   3.67
   PRO 3 3    0    GLY 1 3    1     0    0  0  0   3.09
   PRO 3 3    0    LEU 2 3    1     0    0  0  0   2.92
   PRO 3 3    0   MET 19 3    3     0    0  0  0   3.89
   PRO 3 3    0   TYR 31 4    3     0    0  0  0   4.57
   PRO 3 3    0   TYR 31 4    2     0    0  0  0   4.56
   VAL 4 3    0    TYR 5 3    4     0    0  0  0   2.92
   VAL 4 3    0    VAL 6 3    4     0    0  0  0   3.77
   VAL 4 3    0    THR 7 3    4     0    0  0  0   2.86
   VAL 4 3    0   SER 10 3    4     0    0  0  0   3.51
   VAL 4 3    0    VAL 4 3    4     0    0  0  0   3.87
   VAL 4 3    0    VAL 4 3    1     0    0  0  0   3.87
   VAL 4 3    0    LEU 2 3    1     0    0  0  0   3.28
   VAL 4 3    0    GLY 1 3    1     0    0  0  0   4.19
   TYR 5 3    0    THR 7 3    4     0    0  0  0   4.04
   TYR 5 3    0   SER 10 3    4     0    0  0  0   3.51
   TYR 5 3    0    GLY 9 3    4     0    0  0  0   3.5
   TYR 5 3    0    PRO 8 3    4     0    0  0  0   4.54
   TYR 5 3    0   GLN 12 3    4     0    0  0  0   3
   TYR 5 3    0   MET 19 3    4     0    0  0  0   3.92
   TYR 5 3    0    VAL 4 3    1     0    0  0  0   2.92
   TYR 5 3    0    GLY 1 3    1     0    0  0  0   4.02
   TYR 5 3    0    LEU 2 3    1     0    0  0  0   2.84
   TYR 5 3    0    PRO 3 3    1     0    0  0  0   3.23
   TYR 5 3    0   PHE 32 4    3     0    0  0  0   4.51
   TYR 5 3    0   PRO 22 3    3     0    0  0  0   3.54
   VAL 6 3    0  PRO 175 1    4     0    0  0  0   4.3
   VAL 6 3    0   GLY 11 3    4     0    0  0  0   2.84
   VAL 6 3    0    VAL 6 3    4     0    0  0  0   4.14
   VAL 6 3    0   SER 10 3    4     0    0  0  0   3.24
   VAL 6 3    0    GLY 9 3    4     0    0  0  0   4.79
   VAL 6 3    0   GLN 12 3    4     0    0  0  0   4.84
   VAL 6 3    0    VAL 4 3    1     0    0  0  0   3.77
   VAL 6 3    0    VAL 6 3    1     0    0  0  0   4.14
   THR 7 3    0  PRO 175 1    4     0    0  0  0   4.34
   THR 7 3    0   GLY 11 3    4     0    0  0  0   4.94
   THR 7 3    0   MET 19 3    4     0    0  0  0   3.7
   THR 7 3    0   GLN 20 3    4     0    0  0  0   4.81
   THR 7 3    0    VAL 4 3    1     0    0  0  0   2.86
   THR 7 3    0    TYR 5 3    1     0    0  0  0   4.04
   THR 7 3    0    PRO 3 3    1     0    0  0  0   3.67
   THR 7 3    0    GLY 1 3    2     0    0  0  0   4.3
   PRO 8 3    0  PRO 175 1    4     0    0  0  0   4.73
   PRO 8 3    0  PHE 176 1    4     0    0  0  0   3.53
   PRO 8 3    0  ARG 178 1    4     0    0  0  0   3.55
   PRO 8 3    0   GLN 12 3    4     0    0  0  0   3.41
   PRO 8 3    0  PRO 177 1    4     0    0  0  0   4.99
   PRO 8 3    0  THR 123 1    4     0    0  0  0   4.58
   PRO 8 3    0   PHE 13 3    4     0    0  0  0   4.45
   PRO 8 3    0   ASP 17 3    4     0    0  0  0   4.23
   PRO 8 3    0   MET 19 3    4     0    0  0  0   4.75
   PRO 8 3    0    TYR 5 3    1     0    0  0  0   4.54
   GLY 9 3    0  PHE 176 1    4     0    0  0  0   2.73
   GLY 9 3    0  PRO 177 1    4     0    0  0  0   4.17
   GLY 9 3    0  PRO 175 1    4     0    0  0  0   4.51
   GLY 9 3    0  ARG 178 1    4     0    0  0  0   3.71
   GLY 9 3    0    TYR 5 3    1     0    0  0  0   3.5
   GLY 9 3    0    VAL 6 3    1     0    0  0  0   4.79
  SER 10 3    0  PRO 175 1    4     0    0  0  0   3.39
  SER 10 3    0  PHE 176 1    4     0    0  0  0   4.83
  SER 10 3    0  GLN 174 1    4     0    0  0  0   4.44
  SER 10 3    0    VAL 6 3    1     0    0  0  0   3.24
  SER 10 3    0    TYR 5 3    1     0    0  0  0   3.51
  SER 10 3    0    VAL 4 3    1     0    0  0  0   3.51
  GLY 11 3    0  GLN 174 1    4     0    0  0  0   3.61
  GLY 11 3    0    VAL 6 3    1     0    0  0  0   2.84
  GLY 11 3    0    THR 7 3    1     0    0  0  0   4.94
  GLN 12 3    0  PRO 177 1    4     0    0  0  0   3.22
  GLN 12 3    0  PHE 169 1    4     0    0  0  0   3.71
  GLN 12 3    0  VAL 168 1    4     0    0  0  0   3.38
  GLN 12 3    0  ARG 178 1    4     0    0  0  0   3.07
  GLN 12 3    0   PRO 22 3    4     0    0  0  0   4.33
  GLN 12 3    0    PRO 8 3    1     0    0  0  0   3.41
  GLN 12 3    0    TYR 5 3    1     0    0  0  0   3
  GLN 12 3    0    VAL 6 3    1     0    0  0  0   4.84
  PHE 13 3    0  PHE 169 1    4     0    0  0  0   2.83
  PHE 13 3    0  VAL 168 1    4     0    0  0  0   3.33
  PHE 13 3    0  SER 167 1    4     0    0  0  0   3.51
  PHE 13 3    0    PRO 8 3    1     0    0  0  0   4.45
  MET 14 3    0  PHE 169 1    4     0    0  0  0   4.95
  MET 14 3    0  SER 167 1    4     0    0  0  0   3.28
  MET 14 3    0  VAL 168 1    4     0    0  0  0   3.56
  MET 14 3    0  PHE 179 1    4     0    0  0  0   3.7
  MET 14 3    0   CYS 23 3    4     0    0  0  0   3.85
  MET 14 3    0   ALA 24 3    4     0    0  0  0   3.88
  MET 14 3    0   PRO 22 3    4     0    0  0  0   3.5
  THR 15 3    0  SER 167 1    4     0    0  0  0   2.91
  THR 15 3    0  SER 162 1    4     0    0  0  0   4.13
  THR 15 3    0  ASN 165 1    4     0    0  0  0   3.3
  THR 15 3    0  ALA 166 1    4     0    0  0  0   3.46
  THR 15 3    0  PHE 169 1    4     0    0  0  0   4
  THR 16 3    0  ALA 166 1    4     0    0  0  0   3.93
  THR 16 3    0   CYS 23 3    4     0    0  0  0   4.03
  THR 16 3    0   ALA 24 3    4     0    0  0  0   2.79
  THR 16 3    0   LEU 25 3    4     0    0  0  0   4.57
  THR 16 3    0   PRO 26 3    4     0    0  0  0   3.66
  THR 16 3    0  ASN 165 1    4     0    0  0  0   4.57
  THR 16 3    0  THR 164 1    4     0    0  0  0   4.77
  ASP 17 3    0   PRO 22 3    4     0    0  0  0   4.91
  ASP 17 3    0    PRO 8 3    1     0    0  0  0   4.23
  ASP 18 3    0   LYS 33 4    4     0    0  0  0   2.95
  MET 19 3    0   PHE 32 4    4     0    0  0  0   4.6
  MET 19 3    0    PRO 8 3    1     0    0  0  0   4.75
  MET 19 3    0    THR 7 3    1     0    0  0  0   3.7
  MET 19 3    0    TYR 5 3    1     0    0  0  0   3.92
  MET 19 3    0    PRO 3 3    2     0    0  0  0   3.89
  GLN 20 3    0    THR 7 3    1     0    0  0  0   4.81
  GLN 20 3    0    GLY 1 3    3     0    0  0  0   3.85
  PRO 22 3    0   MET 14 3    1     0    0  0  0   3.5
  PRO 22 3    0   ASP 17 3    1     0    0  0  0   4.91
  PRO 22 3    0   GLN 12 3    1     0    0  0  0   4.33
  PRO 22 3    0    TYR 5 3    2     0    0  0  0   3.54
  CYS 23 3    0   THR 16 3    1     0    0  0  0   4.03
  CYS 23 3    0   MET 14 3    1     0    0  0  0   3.85
  ALA 24 3    0   THR 16 3    1     0    0  0  0   2.79
  ALA 24 3    0   MET 14 3    1     0    0  0  0   3.88
  LEU 25 3    0   THR 16 3    1     0    0  0  0   4.57
  LEU 25 3    0  MET 223 3    1     0    0  0  0   3.99
  PRO 26 3    0   THR 16 3    1     0    0  0  0   3.66
  PRO 26 3    0   ARG 73 1    1     0    0  0  0   3.95
  PRO 26 3    0   GLU 64 1    1     0    0  0  0   4.13
  PRO 26 3    0   ASN 12 1    1     0    0  0  0   4.78
  TRP 27 3    0   ARG 73 1    1     0    0  0  0   4.24
  TRP 27 3    0   GLU 68 1    1     0    0  0  0   3.89
  TRP 27 3    0   SER 69 1    1     0    0  0  0   3.58
  TRP 27 3    0   GLY 72 1    1     0    0  0  0   4.48
  TRP 27 3    0   ALA 40 4    1     0    0  0  0   3.73
  TRP 27 3    0   GLU 64 1    1     0    0  0  0   3.68
  TRP 27 3    0   ASP 63 1    1     0    0  0  0   4.02
  TRP 27 3    0   ASN 12 1    1     0    0  0  0   3.36
  TRP 27 3    0   SER 66 1    1     0    0  0  0   4.73
  TRP 27 3    0   LEU 43 4    1     0    0  0  0   4.18
  TRP 27 3    0   SER 41 4    1     0    0  0  0   4.94
  TYR 28 3    0   GLU 64 1    1     0    0  0  0   3.64
  TYR 28 3    0   ASN 12 1    1     0    0  0  0   3.13
  TYR 28 3    0  MET 223 3    1     0    0  0  0   3.8
  TYR 28 3    0  ARG 222 3    1     0    0  0  0   3.1
  TYR 28 3    0  HIS 108 3    1     0    0  0  0   3.72
  TYR 28 3    0   LEU 11 1    1     0    0  0  0   4.8
  HIS 29 3    0   GLU 64 1    1     0    0  0  0   4.66
  HIS 29 3    0  ARG 222 3    1     0    0  0  0   3.06
  HIS 29 3    0   ASN 12 1    1     0    0  0  0   3.34
  HIS 29 3    0  TYR 175 3    1     0    0  0  0   4.72
  HIS 29 3    0   LEU 11 1    1     0    0  0  0   3.27
  HIS 29 3    0   THR 61 1    1     0    0  0  0   3.33
  HIS 29 3    0   GLU 13 1    1     0    0  0  0   3.22
  HIS 29 3    0   SER 59 1    1     0    0  0  0   3.16
  HIS 29 3    0   GLN 60 1    1     0    0  0  0   4.63
  PRO 30 3    0  ARG 222 3    1     0    0  0  0   3.56
  PRO 30 3    0   LEU 11 1    1     0    0  0  0   4.88
  THR 31 3    0  ARG 222 3    1     0    0  0  0   3.14
  THR 31 3    0  TYR 175 3    1     0    0  0  0   4.14
  THR 31 3    0  GLN 174 3    1     0    0  0  0   3.86
  LYS 32 3    0   SER 59 1    1     0    0  0  0   3.33
  LYS 32 3    0  GLN 174 3    1     0    0  0  0   3.41
  LYS 32 3    0   GLN 57 1    1     0    0  0  0   3.13
  LYS 32 3    0   SER 58 1    1     0    0  0  0   4.98
  LYS 32 3    0   VAL 56 1    1     0    0  0  0   4.56
  SER 60 3   12   MET 70 2   17     3    0 -1 -1   3.96
  GLY 63 3    2   LYS 77 3   22     3    1  0  0   4.76
  ASN 64 3    2   LYS 77 3   22     3    1  0  0   4.67
  THR 71 3   12  SER 235 2   17     3    0 -1 -1   4.41
  SER 73 3   12  SER 235 2   17     3    0 -1 -1   4.08
  SER 73 3   17  SER 235 2   12     3    0 -1  0   4.73
  PRO 74 3    0  ASN 236 2    9     0    0  0  0   3.75
  PRO 74 3   22   THR 74 2    2     3    1  0 -1   4.86
  PRO 74 3   12  ASN 205 3    8     2    0 -1 -1   4.05
  GLN 75 3    0  ILE 237 2    9     0    0  0  0   3.72
  GLN 75 3   22   THR 74 2    2     3    1  0 -1   4.42
  THR 76 3    0  ILE 237 2    9     0    0  0  0   3.94
  THR 76 3   22   THR 74 2    2     3    1  0 -1   3.15
  THR 76 3   22   LYS 76 2    2     3    1  0 -1   3.94
  THR 76 3   22   SER 73 2    2     3    1  0 -1   4.97
  THR 76 3    2   LYS 76 2   22     3    1  0  0   4.83
  THR 76 3    2   THR 74 2   22     3    1  0  0   3.15
  THR 76 3   12  ASN 205 3    8     2    0 -1 -1   3.45
  THR 76 3   12  ASN 232 2    8     2    0 -1 -1   4.78
  THR 76 3   12  THR 203 3    8     2    0 -1 -1   4.46
  THR 76 3   12  PRO 204 3    8     2    0 -1 -1   4.58
  THR 76 3   17  ASN 205 3   27     2    0 -1  0   3.66
  THR 76 3   20  ASN 232 2    5     2    1 -1 -1   3.63
  THR 76 3    4  ASN 232 2   25     3    1  0 -1   4.38
  LYS 77 3   22   LYS 76 2    2     3    1  0 -1   4.18
  LYS 77 3   22   ASN 64 3    2     3    1  0 -1   4.67
  LYS 77 3   22   GLY 63 3    2     3    1  0 -1   4.76
  LYS 77 3    2   LYS 76 2   22     3    1  0  0   4.72
  LYS 77 3    8  THR 280 1   12     2    0  0 -1   2.7
  LYS 77 3    8  ASN 281 1   12     2    0  0 -1   3.59
  LYS 77 3   12  THR 206 3    8     2    0 -1 -1   4.04
  LYS 77 3   27  THR 280 1   17     2    0  0  0   4.57
  LEU 78 3    0   SER 68 2    9     0    0  0  0   3.51
  LEU 78 3    0   MET 70 2    9     0    0  0  0   4.05
  LEU 78 3    0   LYS 69 2    9     0    0  0  0   4.41
  LEU 78 3    0  PRO 239 2    9     0    0  0  0   3.66
 TYR 105 3    0  THR 164 1    4     0    0  0  0   4.23
 THR 107 3    0  PRO 146 1    4     0    0  0  0   3.28
 THR 107 3    0  PRO 147 1    4     0    0  0  0   3.73
 HIS 108 3    0   TYR 28 3    4     0    0  0  0   3.72
 HIS 108 3    0  ILE 186 1    4     0    0  0  0   3.55
 HIS 108 3    0  LEU 184 1    4     0    0  0  0   3.41
 HIS 108 3    0  SER 185 1    4     0    0  0  0   4.55
 SER 112 3    0   ILE 50 2    4     0    0  0  0   3.34
 ALA 123 3    0  LYS 116 2    9     0    0  0  0   4.82
 ASN 124 3    0  SER 115 2    9     0    0  0  0   4.26
 ASN 124 3    0  PHE 117 2    9     0    0  0  0   3.76
 ASN 124 3    0  LYS 116 2    9     0    0  0  0   3.84
 THR 126 3    0  ASN 113 2    9     0    0  0  0   2.63
 THR 126 3    0  ALA 114 2    9     0    0  0  0   2.56
 THR 126 3    0  SER 115 2    9     0    0  0  0   4.49
 LEU 127 3    0  ASN 113 2    9     0    0  0  0   3.33
 LYS 128 3    0  ASN 113 2    9     0    0  0  0   3.65
 LYS 128 3    0  GLN 111 2    9     0    0  0  0   3.68
 LYS 128 3    0  ASN 196 2    9     0    0  0  0   3.16
 LYS 128 3    0  CYS 112 2    9     0    0  0  0   4.03
 LYS 128 3    0   THR 24 2    9     0    0  0  0   4.75
 LYS 128 3    0   SER 25 2    9     0    0  0  0   4.24
 LYS 128 3    0  SER 197 2    9     0    0  0  0   4.36
 LEU 130 3    0   THR 65 2    9     0    0  0  0   4.23
 THR 134 3    0  ARG 255 2    4     0    0  0  0   4.17
 PRO 135 3    0  ARG 255 2    4     0    0  0  0   3.44
 PRO 135 3    0  PHE 100 2    4     0    0  0  0   4.03
 PRO 135 3    0  GLY 253 2    4     0    0  0  0   3.98
 PRO 135 3    0  ALA 254 2    4     0    0  0  0   4.03
 PRO 136 3    0  ARG 255 2    4     0    0  0  0   3.05
 PRO 136 3    0  PHE 100 2    4     0    0  0  0   3.32
 GLY 137 3    0  ARG 255 2    4     0    0  0  0   3.49
 GLY 137 3    0  PHE 100 2    4     0    0  0  0   4.13
 GLY 137 3    0  ARG 215 2    4     0    0  0  0   3.98
 GLY 137 3    0  THR 258 2    4     0    0  0  0   3.08
 GLY 137 3    0  ASP 200 1    4     0    0  0  0   4.36
 ILE 138 3    0  ARG 255 2    4     0    0  0  0   3.51
 ILE 138 3    0  THR 258 2    4     0    0  0  0   3.9
 ILE 138 3    0  ALA 256 2    4     0    0  0  0   3.42
 ILE 138 3    0  LYS 257 2    4     0    0  0  0   3.96
 ARG 144 3    0   THR 65 2    9     0    0  0  0   3.99
 ARG 144 3    0   LEU 66 2    9     0    0  0  0   3.21
 ARG 144 3    0   SER 68 2    9     0    0  0  0   2.95
 ARG 144 3    0  THR 241 2    9     0    0  0  0   4.25
 ARG 144 3    0   ASP 67 2    9     0    0  0  0   4.26
 LYS 145 3    0   ASP 88 2    9     0    0  0  0   2.83
 LYS 145 3    0  GLU 151 2    9     0    0  0  0   3.21
 LYS 145 3    0   MET 89 2    9     0    0  0  0   4.1
 GLU 146 3    0  ALA 256 2    4     0    0  0  0   3.78
 MET 148 3    0   PHE 63 2    9     0    0  0  0   4.05
 MET 148 3    0   MET 89 2    9     0    0  0  0   3.64
 MET 148 3    0   THR 65 2    9     0    0  0  0   3.32
 MET 148 3    0   TYR 64 2    9     0    0  0  0   3.76
 LEU 149 3    0  ALA 256 2    4     0    0  0  0   3.73
 LEU 149 3    0  ARG 255 2    4     0    0  0  0   3.22
 LEU 149 3    0  ALA 254 2    4     0    0  0  0   3.62
 LEU 149 3    0   GLY 90 2    9     0    0  0  0   3.91
 LEU 149 3    0   MET 89 2    9     0    0  0  0   4.52
 LEU 149 3    0   TYR 64 2    9     0    0  0  0   3.74
 LEU 149 3    0   ARG 62 2    9     0    0  0  0   3.11
 GLY 150 3    0  ARG 255 2    4     0    0  0  0   3.91
 GLY 150 3    0  ALA 256 2    4     0    0  0  0   4.93
 GLY 150 3    0  ALA 254 2    4     0    0  0  0   3.5
 GLY 150 3    0   ARG 62 2    9     0    0  0  0   3.39
 GLY 150 3    0   ASP 20 2    9     0    0  0  0   4.51
 THR 151 3    0  ALA 254 2    4     0    0  0  0   4.5
 THR 151 3    0   ASP 20 2    9     0    0  0  0   3.35
 THR 151 3    0   ARG 62 2    9     0    0  0  0   4.35
 HIS 152 3    0   THR 22 2    9     0    0  0  0   3.02
 HIS 152 3    0   SER 21 2    9     0    0  0  0   3.38
 HIS 152 3    0   ASP 20 2    9     0    0  0  0   3.07
 HIS 152 3    0   PHE 63 2    9     0    0  0  0   3.5
 HIS 152 3    0   THR 65 2    9     0    0  0  0   4.72
 VAL 153 3    0   THR 22 2    9     0    0  0  0   3.22
 VAL 153 3    0   THR 24 2    9     0    0  0  0   4.98
 VAL 154 3    0   THR 22 2    9     0    0  0  0   2.91
 VAL 154 3    0   ILE 23 2    9     0    0  0  0   3.77
 VAL 154 3    0   THR 24 2    9     0    0  0  0   2.76
 VAL 154 3    0  GLN 111 2    9     0    0  0  0   3.72
 VAL 154 3    0  SER 243 2    9     0    0  0  0   4.98
 TRP 155 3    0   THR 24 2    9     0    0  0  0   3.68
 TRP 155 3    0   GLN 26 2    9     0    0  0  0   4.8
 ASP 156 3    0   THR 24 2    9     0    0  0  0   3.33
 ASP 156 3    0   GLN 26 2    9     0    0  0  0   2.8
 ASP 156 3    0   SER 25 2    9     0    0  0  0   3.67
 ASP 156 3    0  ASN 196 2    9     0    0  0  0   3.19
 ASP 156 3    0   ASP 27 2    9     0    0  0  0   4.18
 ASP 156 3    0  ASN 113 2    9     0    0  0  0   4.93
 VAL 157 3    0   GLN 26 2    9     0    0  0  0   3.83
 VAL 157 3    0  ASN 196 2    9     0    0  0  0   4.99
 GLY 158 3    0   GLN 26 2    9     0    0  0  0   3.19
 LEU 159 3    0   GLN 26 2    9     0    0  0  0   3.31
 GLN 160 3    0   GLN 26 2    9     0    0  0  0   3.06
 GLN 160 3    0   ILE 13 2    9     0    0  0  0   3.88
 PRO 168 3    0   ILE 50 2    4     0    0  0  0   3.76
 TRP 169 3    0   THR 48 2    4     0    0  0  0   3.29
 TRP 169 3    0   ALA 49 2    4     0    0  0  0   3.38
 TRP 169 3    0   ILE 50 2    4     0    0  0  0   2.94
 TRP 169 3    0   ASP 51 2    4     0    0  0  0   4.66
 ILE 170 3    0  PHE 100 2    4     0    0  0  0   3.78
 ILE 170 3    0   ALA 49 2    4     0    0  0  0   4.01
 ILE 170 3    0  LEU 101 2    4     0    0  0  0   4.14
 ILE 170 3    0  GLY 253 2    4     0    0  0  0   3.9
 ILE 170 3    0   ASP 51 2    4     0    0  0  0   3.72
 ILE 170 3    0  SER 252 2    4     0    0  0  0   4.78
 SER 171 3    0  PHE 100 2    4     0    0  0  0   4.15
 SER 171 3    0   ALA 49 2    4     0    0  0  0   3.68
 SER 171 3    0  LEU 101 2    4     0    0  0  0   3.48
 SER 171 3    0   THR 48 2    4     0    0  0  0   4.06
 ALA 172 3    0  PHE 100 2    4     0    0  0  0   4.32
 ALA 172 3    0  MET 210 2    4     0    0  0  0   3.38
 ALA 172 3    0  LEU 101 2    4     0    0  0  0   3.75
 ALA 172 3    0  ASP 211 2    4     0    0  0  0   3.75
 ALA 172 3    0  VAL 208 2    4     0    0  0  0   3.48
 ALA 172 3    0  PRO 209 2    4     0    0  0  0   3.61
 ALA 172 3    0   THR 48 2    4     0    0  0  0   3.53
 SER 173 3    0  ILE 186 1    4     0    0  0  0   3.5
 SER 173 3    0  ALA 187 1    4     0    0  0  0   4.49
 SER 173 3    0  VAL 208 2    4     0    0  0  0   3.75
 SER 173 3    0   THR 48 2    4     0    0  0  0   3.96
 GLN 174 3    0  ILE 186 1    4     0    0  0  0   3.37
 GLN 174 3    0  ALA 187 1    4     0    0  0  0   4.99
 GLN 174 3    0   THR 48 2    4     0    0  0  0   3.15
 GLN 174 3    0   THR 31 3    4     0    0  0  0   3.86
 GLN 174 3    0   LYS 32 3    4     0    0  0  0   3.41
 GLN 174 3    0   ALA 47 2    4     0    0  0  0   4.12
 TYR 175 3    0   HIS 29 3    4     0    0  0  0   4.72
 TYR 175 3    0  ILE 186 1    4     0    0  0  0   3.42
 TYR 175 3    0   THR 31 3    4     0    0  0  0   4.14
 ARG 176 3    0  ILE 186 1    4     0    0  0  0   4.43
 ARG 176 3    0  PHE 100 2    4     0    0  0  0   4.05
 PHE 177 3    0  PRO 147 1    4     0    0  0  0   3.35
 PHE 177 3    0  ASP 213 1    4     0    0  0  0   3.75
 PHE 177 3    0  ILE 186 1    4     0    0  0  0   4.16
 THR 179 3    0  GLY 148 1    4     0    0  0  0   3.52
 THR 179 3    0  PRO 147 1    4     0    0  0  0   4.07
 ASP 181 3    0  ASP 213 1    4     0    0  0  0   3.51
 THR 182 3    0  ASP 198 1    4     0    0  0  0   4.16
 THR 182 3    0  ARG 205 1    4     0    0  0  0   4.65
 TYR 183 3    0  ILE 186 1    4     0    0  0  0   3.89
 TYR 183 3    0  THR 211 1    4     0    0  0  0   4.04
 TYR 183 3    0  VAL 210 1    4     0    0  0  0   3.73
 TYR 183 3    0  TYR 191 1    4     0    0  0  0   4.63
 TYR 183 3    0  VAL 208 2    4     0    0  0  0   4.53
 TYR 183 3    0  ASP 198 1    4     0    0  0  0   4.73
 TYR 183 3    0  TYR 194 1    4     0    0  0  0   4.21
 SER 184 3    0  ILE 186 1    4     0    0  0  0   4.63
 GLN 194 3    0   SER 68 2    9     0    0  0  0   3.5
 GLN 194 3    0  THR 241 2    9     0    0  0  0   2.7
 GLN 194 3    0   THR 65 2    9     0    0  0  0   3.56
 GLN 194 3    0  SER 243 2    9     0    0  0  0   3.38
 GLN 194 3    0  GLN 111 2    9     0    0  0  0   2.87
 THR 195 3    0  PRO 239 2    9     0    0  0  0   3.71
 THR 195 3    0  ASN 113 2    9     0    0  0  0   2.65
 THR 195 3    0  THR 241 2    9     0    0  0  0   3.64
 THR 195 3    0  GLN 111 2    9     0    0  0  0   3.91
 THR 195 3    0  CYS 112 2    9     0    0  0  0   4.56
 ASN 196 3    0  ILE 237 2    9     0    0  0  0   2.83
 ASN 196 3    0  ASN 236 2    9     0    0  0  0   3.55
 ASN 196 3    0  PRO 239 2    9     0    0  0  0   3.52
 ASN 196 3    0  VAL 238 2    9     0    0  0  0   4.94
 ASN 196 3    0  ASN 113 2    9     0    0  0  0   4.05
 PHE 197 3    0  ASN 236 2    9     0    0  0  0   3.02
 VAL 198 3    0  ILE 237 2    9     0    0  0  0   4.33
 VAL 198 3    0  ASN 236 2    9     0    0  0  0   3.62
 VAL 198 3    0  ALA 114 2    9     0    0  0  0   3.18
 VAL 198 3    0  ASN 113 2    9     0    0  0  0   3.32
 VAL 198 3    0  VAL 238 2    9     0    0  0  0   4.31
 VAL 198 3    0  SER 115 2    9     0    0  0  0   4.66
 VAL 198 3    0  HIS 118 2    9     0    0  0  0   3.77
 VAL 199 3    0  ASN 236 2    9     0    0  0  0   3.27
 VAL 199 3    0  ASN 233 2    9     0    0  0  0   2.8
 VAL 199 3    0  ALA 114 2    9     0    0  0  0   4.76
 VAL 199 3    0  SER 115 2    9     0    0  0  0   4.26
 VAL 199 3    0  HIS 118 2    9     0    0  0  0   3.87
 VAL 199 3   22  ILE 234 2    2     3    1  0 -1   4.47
 VAL 199 3    2  ILE 234 2   22     3    1  0  0   4.97
 PRO 200 3    0  ASN 233 2    9     0    0  0  0   3.96
 PRO 200 3    0  SER 115 2    9     0    0  0  0   3.73
 PRO 200 3    0  HIS 118 2    9     0    0  0  0   4.78
 PRO 200 3    0  PHE 117 2    9     0    0  0  0   3.57
 PRO 200 3   22  ILE 234 2    2     3    1  0 -1   2.86
 PRO 200 3    2  ILE 234 2   22     3    1  0  0   3.61
 PRO 200 3   10  ILE 234 2   19     2    0 -1  0   4.55
 PRO 201 3    0  ASN 233 2    9     0    0  0  0   3.92
 PRO 201 3    0  ASN 232 2    9     0    0  0  0   3.99
 PRO 201 3    0  ASN 202 3    9     0    0  0  0   3.76
 PRO 201 3    0  PHE 117 2    9     0    0  0  0   4.43
 PRO 201 3   12  ASN 202 3   17     3    0 -1 -1   4.38
 PRO 201 3   17  ASN 202 3   12     3    0 -1  0   4.44
 PRO 201 3   22  ILE 234 2    2     3    1  0 -1   2.24
 PRO 201 3   22  SER 235 2    2     3    1  0 -1   2.61
 PRO 201 3   22  ASN 233 2    2     3    1  0 -1   4.68
 PRO 201 3    2  ILE 234 2   22     3    1  0  0   2.98
 PRO 201 3    2  SER 235 2   22     3    1  0  0   3.19
 PRO 201 3    8  SER 235 2   19     3    0  0 -1   4.67
 PRO 201 3    8  ASN 205 3   12     2    0  0 -1   3.15
 PRO 201 3   19  ILE 234 2   10     2    0  0  0   3.16
 PRO 201 3   19  SER 235 2   10     2    0  0  0   4.4
 PRO 201 3   10  ILE 234 2   19     2    0 -1  0   2.8
 PRO 201 3   10  SER 235 2   19     2    0 -1  0   3.65
 PRO 201 3   27  SER 235 2   10     2    0  0  0   4.9
 PRO 201 3   27  ASN 205 3   17     2    0  0  0   3.7
 PRO 201 3   20  ASN 202 3    4     2    1 -1 -1   4.56
 PRO 201 3    4  ASN 202 3   20     2    1  0 -1   4.88
 PRO 201 3    5  ASN 205 3   20     2    1  0 -1   3.89
 PRO 201 3   25  ASN 205 3    4     3    1  0  0   4.39
 ASN 202 3    0  PRO 201 3   14     1    0  0  0   3.76
 ASN 202 3    0  ASN 202 3   14     1    0  0  0   2.74
 ASN 202 3    0  ASN 202 3    9     0    0  0  0   2.74
 ASN 202 3   12  ASN 202 3   17     3    0 -1 -1   3.99
 ASN 202 3   12  PRO 201 3   17     3    0 -1 -1   4.44
 ASN 202 3   12  ASN 233 2   10     3    0 -1 -1   4.42
 ASN 202 3   17  ASN 205 3   12     3    0 -1  0   4.95
 ASN 202 3   17  ASN 202 3   12     3    0 -1  0   3.99
 ASN 202 3   17  PRO 201 3   12     3    0 -1  0   4.38
 ASN 202 3   17  ASN 232 2   12     3    0 -1  0   4.99
 ASN 202 3   17  ASN 233 2   19     2    0 -1  0   4.46
 ASN 202 3   22  ASN 232 2    2     3    1  0 -1   2.24
 ASN 202 3   22  ASN 233 2    2     3    1  0 -1   2.31
 ASN 202 3   22  ILE 234 2    2     3    1  0 -1   3.05
 ASN 202 3   22  SER 235 2    2     3    1  0 -1   4.41
 ASN 202 3    2  ASN 233 2   22     3    1  0  0   2.73
 ASN 202 3    2  ASN 232 2   22     3    1  0  0   2.55
 ASN 202 3    2  ILE 234 2   22     3    1  0  0   3.53
 ASN 202 3    2  SER 235 2   22     3    1  0  0   4.65
 ASN 202 3    5  ASN 233 2    2     3    1  0 -1   3.38
 ASN 202 3    5  SER 235 2    2     3    1  0 -1   2.23
 ASN 202 3    5  ASN 236 2    2     3    1  0 -1   4.79
 ASN 202 3    5  ASN 205 3   20     2    1  0 -1   4.76
 ASN 202 3    8  SER 235 2   19     3    0  0 -1   1.53
 ASN 202 3    8  ASN 233 2   19     3    0  0 -1   3.06
 ASN 202 3    8  ASN 236 2   19     3    0  0 -1   4.17
 ASN 202 3   19  ASN 233 2   10     2    0  0  0   3.35
 ASN 202 3   19  ASN 232 2   10     2    0  0  0   2.37
 ASN 202 3   19  ILE 234 2   10     2    0  0  0   4.07
 ASN 202 3   10  ILE 234 2   19     2    0 -1  0   3.95
 ASN 202 3   10  ASN 232 2   19     2    0 -1  0   2.24
 ASN 202 3   10  ASN 233 2   19     2    0 -1  0   3.02
 ASN 202 3   10  SER 235 2   19     2    0 -1  0   4.69
 ASN 202 3   25  SER 235 2   22     3    1  0  0   2.61
 ASN 202 3   25  ASN 233 2   22     3    1  0  0   3.95
 ASN 202 3   25  ASN 205 3    4     3    1  0  0   4.68
 ASN 202 3   27  SER 235 2   10     2    0  0  0   1.43
 ASN 202 3   27  ASN 233 2   10     2    0  0  0   3.39
 ASN 202 3   27  ASN 236 2   10     2    0  0  0   4.52
 ASN 202 3   20  ASN 202 3    4     2    1 -1 -1   4.04
 ASN 202 3   20  PRO 201 3    4     2    1 -1 -1   4.88
 ASN 202 3    4  ASN 202 3   20     2    1  0 -1   4.04
 ASN 202 3    4  PRO 201 3   20     2    1  0 -1   4.56
 ASN 202 3    4  ASN 233 2    2     3    1  0 -1   4.65
 THR 203 3   12  ASN 232 2   17     3    0 -1 -1   4.99
 THR 203 3   22  ILE 234 2    2     3    1  0 -1   4.8
 THR 203 3    8  SER 235 2   19     3    0  0 -1   4.75
 THR 203 3    8   THR 76 3   12     2    0  0 -1   4.46
 PRO 204 3    8   THR 76 3   12     2    0  0 -1   4.58
 ASN 205 3    0  ASN 236 2    9     0    0  0  0   4.87
 ASN 205 3   12  ASN 232 2   17     3    0 -1 -1   2.73
 ASN 205 3   12  ASN 233 2   17     3    0 -1 -1   4.55
 ASN 205 3   12  ASN 202 3   17     3    0 -1 -1   4.95
 ASN 205 3   12  PRO 201 3    8     2    0 -1 -1   3.15
 ASN 205 3   17  ASN 232 2   12     3    0 -1  0   2.69
 ASN 205 3   17  ASN 233 2   12     3    0 -1  0   4.87
 ASN 205 3   17  PRO 201 3   27     2    0 -1  0   3.7
 ASN 205 3   22  ILE 234 2    2     3    1  0 -1   4.49
 ASN 205 3   22   SER 73 2    2     3    1  0 -1   4.92
 ASN 205 3    2  ILE 234 2   22     3    1  0  0   4.28
 ASN 205 3    8   THR 76 3   12     2    0  0 -1   3.45
 ASN 205 3    8   PRO 74 3   12     2    0  0 -1   4.05
 ASN 205 3   20  ASN 232 2    4     2    1 -1 -1   4.15
 ASN 205 3   20  PRO 201 3    5     2    1 -1 -1   3.89
 ASN 205 3   20  ASN 202 3    5     2    1 -1 -1   4.76
 ASN 205 3    4  ASN 232 2   20     2    1  0 -1   4.68
 ASN 205 3    4  PRO 201 3   25     3    1  0 -1   4.39
 ASN 205 3    4  ASN 202 3   25     3    1  0 -1   4.68
 ASN 205 3   27   THR 76 3   17     2    0  0  0   3.66
 THR 206 3   12  ILE 234 2   17     3    0 -1 -1   2.69
 THR 206 3   12  SER 235 2   17     3    0 -1 -1   3.29
 THR 206 3   17  ILE 234 2   12     3    0 -1  0   2.85
 THR 206 3   17  SER 235 2   12     3    0 -1  0   3.79
 THR 206 3    8   LYS 77 3   12     2    0  0 -1   4.04
 THR 206 3   20  SER 235 2    4     2    1 -1 -1   4.76
 ASP 218 3    0   ILE 50 2    4     0    0  0  0   4.27
 ARG 222 3    0   TYR 28 3    4     0    0  0  0   3.1
 ARG 222 3    0   HIS 29 3    4     0    0  0  0   3.06
 ARG 222 3    0   PRO 30 3    4     0    0  0  0   3.56
 ARG 222 3    0  SER 185 1    4     0    0  0  0   3.12
 ARG 222 3    0   THR 31 3    4     0    0  0  0   3.14
 ARG 222 3    0  ILE 186 1    4     0    0  0  0   3.9
 ARG 222 3    0  LEU 184 1    4     0    0  0  0   4.57
 MET 223 3    0   TYR 28 3    4     0    0  0  0   3.8
 MET 223 3    0  PRO 146 1    4     0    0  0  0   4.24
 MET 223 3    0   LEU 25 3    4     0    0  0  0   3.99
 MET 223 3    0  TYR 144 1    4     0    0  0  0   4.28
 MET 223 3    0  LEU 184 1    4     0    0  0  0   3.64
 ALA 224 3    0  THR 164 1    4     0    0  0  0   3.73
 ALA 224 3    0  ASN 165 1    4     0    0  0  0   4.78
 ALA 224 3    0  PRO 146 1    4     0    0  0  0   4.39
 ARG 225 3    0  THR 164 1    4     0    0  0  0   3.5
 ARG 225 3    0  ASN 165 1    4     0    0  0  0   3.43
 ARG 225 3    0  PRO 146 1    4     0    0  0  0   3.84
 ARG 225 3    0  ALA 149 1    4     0    0  0  0   3.59
 ARG 225 3    0  GLY 148 1    4     0    0  0  0   3.48
 ARG 225 3    0  PRO 147 1    4     0    0  0  0   3.66
 ASP 226 3    0  SER 162 1    4     0    0  0  0   3.77
 ASP 226 3    0  GLY 163 1    4     0    0  0  0   3.46
 ASP 226 3    0  THR 164 1    4     0    0  0  0   2.91
 ASP 226 3    0  ASN 165 1    4     0    0  0  0   3
 ASP 226 3    0  PRO 150 1    4     0    0  0  0   3.62
 ASP 226 3    0  ALA 149 1    4     0    0  0  0   3.43
 ASP 226 3    0  GLY 148 1    4     0    0  0  0   4.88
 THR 227 3    0  PRO 150 1    4     0    0  0  0   3.41
 THR 227 3    0  TYR 158 1    4     0    0  0  0   4.02
 ASP 228 3    0  PRO 150 1    4     0    0  0  0   4.27
 ASP 228 3    0  GLY 148 1    4     0    0  0  0   3.27
 ASP 228 3    0  TYR 158 1    4     0    0  0  0   4.88
 ASP 228 3    0  ALA 149 1    4     0    0  0  0   4.86
 HIS 230 3    0  TYR 158 1    4     0    0  0  0   3.08
 LYS 231 3    0  TYR 158 1    4     0    0  0  0   3.56
 GLN 232 3    0  TYR 158 1    4     0    0  0  0   3.45
 GLN 232 3    0  GLN 161 1    4     0    0  0  0   3.48
   GLY 1 4    0    TYR 6 1    1     0    0  0  0   3.03
   GLY 1 4    0   TYR 26 4    1     0    0  0  0   3.74
   GLY 1 4    0   PHE 27 4    1     0    0  0  0   3.73
   GLY 1 4    0   ASN 25 4    1     0    0  0  0   3.62
   ALA 2 4    0    TYR 6 1    1     0    0  0  0   4.79
   ALA 2 4    0   TYR 26 4    1     0    0  0  0   4.48
   ALA 2 4    0   PHE 27 4    1     0    0  0  0   4.71
   ALA 2 4    0   ASN 25 4    1     0    0  0  0   2.78
   ALA 2 4    0   ILE 24 4    1     0    0  0  0   3.9
   GLN 3 4    0   ASN 25 4    1     0    0  0  0   4.32
   GLN 3 4    0   ILE 24 4    1     0    0  0  0   3.73
   GLN 3 4    0   SER 23 4    1     0    0  0  0   3.23
   VAL 4 4    0   PHE 27 4    1     0    0  0  0   4.28
   VAL 4 4    0   ASN 25 4    1     0    0  0  0   3.1
   VAL 4 4    0   ILE 24 4    1     0    0  0  0   4.74
   VAL 4 4    0   SER 23 4    1     0    0  0  0   3.07
   SER 5 4    0   SER 23 4    1     0    0  0  0   4.56
   ARG 6 4    0    ARG 6 4    4     0    0  0  0   4.89
   ARG 6 4    0    ARG 6 4    1     0    0  0  0   4.89
  SER 23 4    0    VAL 4 4    4     0    0  0  0   3.07
  SER 23 4    0    GLN 3 4    4     0    0  0  0   3.23
  SER 23 4    0    SER 5 4    4     0    0  0  0   4.56
  ILE 24 4    0    GLN 3 4    4     0    0  0  0   3.73
  ILE 24 4    0    VAL 4 4    4     0    0  0  0   4.74
  ILE 24 4    0    ALA 2 4    4     0    0  0  0   3.9
  ASN 25 4    0    GLY 1 4    4     0    0  0  0   3.62
  ASN 25 4    0    ALA 2 4    4     0    0  0  0   2.78
  ASN 25 4    0    GLN 3 4    4     0    0  0  0   4.32
  ASN 25 4    0    VAL 4 4    4     0    0  0  0   3.1
  TYR 26 4    0    GLY 1 4    4     0    0  0  0   3.74
  TYR 26 4    0    ALA 2 4    4     0    0  0  0   4.48
  TYR 26 4    0   LYS 33 4    4     0    0  0  0   4.9
  PHE 27 4    0    GLY 1 4    4     0    0  0  0   3.73
  PHE 27 4    0    VAL 4 4    4     0    0  0  0   4.28
  PHE 27 4    0    ALA 2 4    4     0    0  0  0   4.71
  ASN 30 4    0    TYR 6 1    1     0    0  0  0   3.28
  ASN 30 4    0   VAL 10 1    1     0    0  0  0   4.19
  TYR 31 4    0    GLY 1 3    3     0    0  0  0   3.45
  TYR 31 4    0    PRO 3 3    3     0    0  0  0   4.56
  TYR 31 4    0    LEU 2 3    3     0    0  0  0   3.79
  TYR 31 4    0    PRO 3 3    2     0    0  0  0   4.57
  TYR 31 4    0    LEU 2 3    2     0    0  0  0   3.78
  PHE 32 4    0   MET 19 3    1     0    0  0  0   4.6
  PHE 32 4    0    GLY 1 3    3     0    0  0  0   3.87
  PHE 32 4    0    TYR 5 3    2     0    0  0  0   4.51
  LYS 33 4    0   GLY 39 4    1     0    0  0  0   4.39
  LYS 33 4    0   ALA 40 4    1     0    0  0  0   3.25
  LYS 33 4    0   ASP 18 3    1     0    0  0  0   2.95
  LYS 33 4    0   TYR 26 4    1     0    0  0  0   4.9
  LYS 33 4    0   VAL 10 1    1     0    0  0  0   3.33
  LYS 33 4    0    GLU 9 1    1     0    0  0  0   3.31
  LYS 33 4    0   ASN 12 1    1     0    0  0  0   4.55
  ASP 34 4    0   VAL 10 1    1     0    0  0  0   3.68
  ASP 34 4    0   ASN 12 1    1     0    0  0  0   3.16
  ASP 34 4    0    GLU 9 1    1     0    0  0  0   4.87
  ALA 35 4    0   VAL 10 1    1     0    0  0  0   3.21
  ALA 35 4    0   LEU 11 1    1     0    0  0  0   4.05
  GLY 39 4    0   LYS 33 4    4     0    0  0  0   4.39
  ALA 40 4    0   TRP 27 3    4     0    0  0  0   3.73
  ALA 40 4    0   LYS 33 4    4     0    0  0  0   3.25
  SER 41 4    0   TRP 27 3    4     0    0  0  0   4.94
  LEU 43 4    0   TRP 27 3    4     0    0  0  0   4.18
Residue buried areas, 516 residues
  residue    ncs   buried
   TYR 6 1    0     0
   GLU 9 1    0     0
  VAL 10 1    0     0
  LEU 11 1    0     0
  ASN 12 1    0     0
  GLU 13 1    0     0.52
  ILE 20 1    0     0.981
  GLN 22 1    0     0
  SER 23 1    0     0
  HIS 24 1    0     0
  PRO 25 1    0     0.531
  THR 26 1    0     1.19
  THR 27 1    0     1.16
  SER 28 1    0     0.509
  ASN 29 1    0     2.52
  ALA 30 1    0     0
  ALA 31 1    0     0.126
  PRO 32 1    0     2.6
  VAL 33 1    0     1.27
  LEU 34 1    0     0.972
  PRO 47 1    0     1.34
  ASP 49 1    0     0
  THR 50 1    0     1.58
  ILE 51 1    0     0
  GLU 52 1    0     0.868
  THR 53 1    0     0
  ARG 54 1    0     0.698
  TYR 55 1    0     1.55
  VAL 56 1    0     0
  GLN 57 1    0     0
  SER 58 1    0     0
  SER 59 1    0     0.552
  GLN 60 1    0     0
  THR 61 1    0     0.04
  ASP 63 1    0     0
  GLU 64 1    0     0
  SER 66 1    0     0
  GLU 68 1    0     0
  SER 69 1    0     0
  GLY 72 1    0     0
  ARG 73 1    0     0
  SER 74 1    0     0
  GLY 75 1    0     0
  CYS 76 1    0     0.207
  GLU 79 1    0     0
 GLU 102 1    0     0
 MET 103 1    0     5.27
 ALA 104 1    0     0
 GLN 105 1    0     1.42
 ILE 106 1    0     0
 LYS 109 1    0     0
 THR 123 1    0     0
 VAL 125 1    0     0
 PRO 126 1    0     0
 SER 127 1    0     0.461
 VAL 128 1    0     2.46
 ALA 129 1    0     0
 ALA 130 1    0     0.124
 LYS 131 1    0     0
 ASP 132 1    0     0
 GLY 133 1    0     0
 HIS 134 1    0     0.615
 ILE 135 1    0     0
 GLY 136 1    0     0
 HIS 137 1    0     2.92
 VAL 139 1    0     0
 GLN 141 1    0     0
 TYR 144 1    0     0
 PRO 146 1    0     0.288
 PRO 147 1    0     1.63
 GLY 148 1    0     0.624
 ALA 149 1    0     0
 PRO 150 1    0     0
 ARG 155 1    0     0
 ASP 156 1    0     0
 TYR 158 1    0     0
 ALA 159 1    0     0
 TRP 160 1    0     0
 GLN 161 1    0     6.34
 SER 162 1    0     0
 GLY 163 1    0     0.917
 THR 164 1    0     2.69
 ASN 165 1    0     1.96
 ALA 166 1    0     0
 SER 167 1    0     1.64
 VAL 168 1    0     1.17
 PHE 169 1    0     1.76
 TRP 170 1    0     0
 GLN 171 1    0     0
 HIS 172 1    0     0
 GLY 173 1    0     0
 GLN 174 1    0     0
 PRO 175 1    0     0
 PHE 176 1    0     1.61
 PRO 177 1    0     0.688
 ARG 178 1    0     0
 PHE 179 1    0     0
 LEU 184 1    0     0.715
 SER 185 1    0     0
 ILE 186 1    0     0.521
 ALA 187 1    0     0
 TYR 191 1    0     0
 TYR 194 1    0     0
 ASP 198 1    0     0
 ASP 200 1    0     0
 ARG 205 1    0     0
 VAL 210 1    0     0
 THR 211 1    0     0
 ASP 213 1    0     0
 ARG 220 1    0     0
 VAL 222 1    0     1.81
 THR 223 1    0     0
 SER 224 1    0     0
 GLU 225 1    0     0
 GLN 226 1    0     0.124
 LEU 227 1    0     0
 HIS 228 1    0     0
 LYS 231 1    0     0
 VAL 233 1    0     0
 ARG 235 1    0     1.83
 TYR 237 1    0     0.367
 LEU 266 1   12     8.02
 LEU 266 1   17     0.863
 SER 267 1   12     3.78
 SER 267 1   17     4.71
 SER 268 1   12     0
 SER 268 1   17     0
 VAL 270 1   12     0
 VAL 270 1   17     0
 THR 280 1   12     4.43
 THR 280 1   17     0
 ASN 281 1   12     0
  SER 10 2    0     0
  ASP 11 2    0     0
  ILE 13 2    0     2.78
  ILE 14 2    0     0
  GLN 15 2    0     3.25
  ILE 16 2    0     0
  THR 17 2    0     2.24
  ARG 18 2    0     1.15
  GLY 19 2    0     0.861
  ASP 20 2    0     0
  SER 21 2    0     0.654
  THR 22 2    0     2.37
  ILE 23 2    0     0
  THR 24 2    0     1.79
  SER 25 2    0     0.319
  GLN 26 2    0     3.62
  ASP 27 2    0     0
  TRP 38 2    0     0
  LEU 42 2    0     0
  THR 43 2    0     0
  PRO 44 2    0     1.54
  GLN 45 2    0     0
  ALA 47 2    0     0
  THR 48 2    0     0.133
  ALA 49 2    0     0
  ILE 50 2    0     3.61
  ASP 51 2    0     0
  LYS 52 2    0     0.76
  PRO 53 2    0     0
  THR 54 2    0     0.46
  GLN 55 2    0     0
  PRO 56 2    0     0.461
  ASP 57 2    0     0.77
  THR 58 2    0     0
  SER 59 2    0     1.83
  ASN 61 2    0     0
  ARG 62 2    0     0.802
  PHE 63 2    0     0
  TYR 64 2    0     0
  THR 65 2    0     0.462
  LEU 66 2    0     0
  ASP 67 2    0     0
  SER 68 2    0     0.744
  LYS 69 2    0     0
  MET 70 2    0     0
  MET 70 2   17     0
  MET 70 2    5     0
  MET 70 2    2     6.33
  MET 70 2   22     0
  ASN 72 2    2     16.8
  ASN 72 2   19     7.09
  ASN 72 2   22     7.47
  ASN 72 2   10     0
  SER 73 2   12     0
  SER 73 2   17     0.0178
  SER 73 2    2     4.73
  SER 73 2   19     7.05
  SER 73 2   22     0
  SER 73 2   10     1.15
  THR 74 2   12     0
  THR 74 2   17     0
  THR 74 2   22     4.87
  THR 74 2    2     7.48
  THR 74 2   19     4.42
  THR 74 2   10     1.84
  THR 74 2   20     0
  THR 74 2    4     0
  LYS 76 2   12     0
  LYS 76 2   17     0
  LYS 76 2   22     0
  LYS 76 2    2     0
  ASP 88 2    0     1.22
  MET 89 2    0     0.0313
  GLY 90 2    0     1.4
  ILE 91 2    0     0
  GLU 94 2    0     1.32
  ASN 95 2    0     0
  TYR 98 2    0     1.97
  HIS 99 2    0     1.8
 PHE 100 2    0     0.37
 LEU 101 2    0     0.0379
 GLN 111 2    0     2.78
 CYS 112 2    0     0
 ASN 113 2    0     4.57
 ALA 114 2    0     2.07
 SER 115 2    0     0
 LYS 116 2    0     0
 PHE 117 2    0     0.926
 HIS 118 2    0     0
 VAL 135 2   12     0
 VAL 135 2   17     0
 ASN 136 2   12     2.6
 ASN 136 2   17     0.119
 GLU 151 2    0     0
 GLU 155 2    5     0
 GLY 157 2   12     0
 GLY 157 2   17     0
 GLY 157 2    2     0
 GLY 157 2    8     0
 THR 158 2    5     3.42
 THR 158 2    8     0
 THR 158 2   25     0
 VAL 160 2   12     5.27
 VAL 160 2   17     11.8
 VAL 160 2    2     3.49
 VAL 160 2    8     0
 VAL 160 2   19     0
 VAL 160 2   22     0
 GLU 161 2   12     0.119
 GLU 161 2   17     2.73
 GLU 161 2   19     0
 ASN 162 2   12     0
 ASN 162 2   17     0
 ASN 196 2    0     0
 SER 197 2    0     0
 ILE 201 2    0     0
 VAL 208 2    0     0.0582
 PRO 209 2    0     0
 MET 210 2    0     0
 ASP 211 2    0     0
 ARG 215 2    0     0
 GLN 228 2   12     0.0178
 GLN 228 2   17     0
 GLN 230 2   12     7
 GLN 230 2   17     4.54
 GLN 230 2   20     0
 GLN 230 2    4     0
 SER 231 2   22     0
 SER 231 2    2     0
 ASN 232 2    0     0
 ASN 232 2   12     3.04
 ASN 232 2   17     4.25
 ASN 232 2   22     7.26
 ASN 232 2    2     8.78
 ASN 232 2    5     12.4
 ASN 232 2    8     8.17
 ASN 232 2   19     2.68
 ASN 232 2   10     2.1
 ASN 232 2   25     8.57
 ASN 232 2   27     3.04
 ASN 232 2   20     0
 ASN 232 2    4     0
 ASN 233 2    0     1.22
 ASN 233 2   12     0
 ASN 233 2   17     0
 ASN 233 2   22     2.79
 ASN 233 2    2     4.67
 ASN 233 2    5     5.19
 ASN 233 2    8     7.11
 ASN 233 2   19     1.42
 ASN 233 2   10     0
 ASN 233 2   25     5.85
 ASN 233 2   27     2.97
 ILE 234 2   12     7.43
 ILE 234 2   17     10.3
 ILE 234 2   22     12.6
 ILE 234 2    2     21.8
 ILE 234 2    5     6.49
 ILE 234 2    8     6.66
 ILE 234 2   19     15.4
 ILE 234 2   10     7.34
 ILE 234 2   25     0
 ILE 234 2   27     0
 ILE 234 2   20     0
 ILE 234 2    4     0
 SER 235 2   12     0
 SER 235 2   17     2.78
 SER 235 2   22     15.2
 SER 235 2    2     30.4
 SER 235 2    5     26.4
 SER 235 2    8     9.98
 SER 235 2   19     23
 SER 235 2   10     14.5
 SER 235 2   25     8.25
 SER 235 2   27     2.96
 SER 235 2    4     0
 ASN 236 2    0     0.169
 ASN 236 2    5     0
 ASN 236 2    2     0
 ASN 236 2   19     0
 ASN 236 2   22     0
 ASN 236 2   10     0
 ILE 237 2    0     1.08
 ILE 237 2    5     0
 VAL 238 2    0     0
 PRO 239 2    0     2.32
 THR 241 2    0     0.811
 SER 243 2    0     0
 GLU 250 2    0     0
 SER 252 2    0     0
 GLY 253 2    0     0
 ALA 254 2    0     0.797
 ARG 255 2    0     1.88
 ALA 256 2    0     0.0176
 LYS 257 2    0     0
 THR 258 2    0     0
   GLY 1 3    0     2.4
   LEU 2 3    0     1.81
   PRO 3 3    0     2.61
   VAL 4 3    0     1.3
   TYR 5 3    0     2.71
   VAL 6 3    0     1.04
   THR 7 3    0     1.08
   PRO 8 3    0     0
   GLY 9 3    0     1.58
  SER 10 3    0     0
  GLY 11 3    0     1.03
  GLN 12 3    0     1.17
  PHE 13 3    0     1.4
  MET 14 3    0     2.89
  THR 15 3    0     1.52
  THR 16 3    0     1
  ASP 17 3    0     0
  ASP 18 3    0     0.522
  MET 19 3    0     0
  GLN 20 3    0     0
  PRO 22 3    0     1.79
  CYS 23 3    0     0
  ALA 24 3    0     0.385
  LEU 25 3    0     0
  PRO 26 3    0     0.616
  TRP 27 3    0     0
  TYR 28 3    0     1.32
  HIS 29 3    0     0.65
  PRO 30 3    0     0
  THR 31 3    0     0.531
  LYS 32 3    0     0.462
  SER 60 3   12     0
  GLY 63 3    2     0
  ASN 64 3    2     0
  THR 71 3   12     0
  SER 73 3   12     0
  SER 73 3   17     0
  PRO 74 3    0     0
  PRO 74 3   22     0
  PRO 74 3   12     0
  GLN 75 3    0     0
  GLN 75 3   22     0
  THR 76 3    0     0
  THR 76 3   22     4.1
  THR 76 3    2     5.18
  THR 76 3   12     0.166
  THR 76 3   17     0
  THR 76 3   20     0
  THR 76 3    4     0
  LYS 77 3   22     0
  LYS 77 3    2     0
  LYS 77 3    8     4.62
  LYS 77 3   12     0
  LYS 77 3   27     0
  LEU 78 3    0     0.718
 TYR 105 3    0     0
 THR 107 3    0     0.289
 HIS 108 3    0     0.522
 SER 112 3    0     0.024
 ALA 123 3    0     0
 ASN 124 3    0     0
 THR 126 3    0     4.76
 LEU 127 3    0     0
 LYS 128 3    0     0.5
 LEU 130 3    0     0
 THR 134 3    0     0
 PRO 135 3    0     0
 PRO 136 3    0     0.413
 GLY 137 3    0     0
 ILE 138 3    0     1.46
 ARG 144 3    0     0.74
 LYS 145 3    0     1.21
 GLU 146 3    0     0
 MET 148 3    0     0.493
 LEU 149 3    0     0.4
 GLY 150 3    0     0
 THR 151 3    0     0
 HIS 152 3    0     0.855
 VAL 153 3    0     0.406
 VAL 154 3    0     1.24
 TRP 155 3    0     0
 ASP 156 3    0     2.52
 VAL 157 3    0     0
 GLY 158 3    0     0.457
 LEU 159 3    0     0
 GLN 160 3    0     0.0109
 PRO 168 3    0     0.0102
 TRP 169 3    0     0.557
 ILE 170 3    0     0
 SER 171 3    0     0
 ALA 172 3    0     0.038
 SER 173 3    0     0.0582
 GLN 174 3    0     0.132
 TYR 175 3    0     0
 ARG 176 3    0     0
 PHE 177 3    0     1.63
 THR 179 3    0     0.492
 ASP 181 3    0     0
 THR 182 3    0     0
 TYR 183 3    0     0
 SER 184 3    0     0
 GLN 194 3    0     3.05
 THR 195 3    0     1.06
 ASN 196 3    0     2.68
 PHE 197 3    0     0.169
 VAL 198 3    0     0.629
 VAL 199 3    0     1.23
 VAL 199 3   22     0
 VAL 199 3    2     0
 PRO 200 3    0     0.926
 PRO 200 3   22     2.66
 PRO 200 3    2     0
 PRO 200 3   10     0
 PRO 201 3    0     0
 PRO 201 3   12     0
 PRO 201 3   17     0
 PRO 201 3   22     22.4
 PRO 201 3    2     11.8
 PRO 201 3    8     2.01
 PRO 201 3   19     4.55
 PRO 201 3   10     8.25
 PRO 201 3   27     0
 PRO 201 3   20     0
 PRO 201 3    4     0
 PRO 201 3    5     0
 PRO 201 3   25     0
 ASN 202 3    0     5.43
 ASN 202 3   12     0
 ASN 202 3   17     0
 ASN 202 3   22     10.2
 ASN 202 3    2     4.25
 ASN 202 3    5     7.67
 ASN 202 3    8     11.6
 ASN 202 3   19     2.1
 ASN 202 3   10     4.12
 ASN 202 3   25     1.75
 ASN 202 3   27     10.5
 ASN 202 3   20     0
 ASN 202 3    4     0
 THR 203 3   12     0
 THR 203 3   22     0
 THR 203 3    8     0
 PRO 204 3    8     0
 ASN 205 3    0     0
 ASN 205 3   12     4.95
 ASN 205 3   17     1.77
 ASN 205 3   22     0
 ASN 205 3    2     0
 ASN 205 3    8     0.166
 ASN 205 3   20     0
 ASN 205 3    4     0
 ASN 205 3   27     0
 THR 206 3   12     7.1
 THR 206 3   17     3.35
 THR 206 3    8     0
 THR 206 3   20     0
 ASP 218 3    0     0
 ARG 222 3    0     1.84
 MET 223 3    0     0.715
 ALA 224 3    0     0.18
 ARG 225 3    0     0.49
 ASP 226 3    0     3.94
 THR 227 3    0     0
 ASP 228 3    0     0.132
 HIS 230 3    0     0
 LYS 231 3    0     0
 GLN 232 3    0     0
   GLY 1 4    0     0
   ALA 2 4    0     1.21
   GLN 3 4    0     0.506
   VAL 4 4    0     3.6
   SER 5 4    0     0
   ARG 6 4    0     0
  SER 23 4    0     0.59
  ILE 24 4    0     0.152
  ASN 25 4    0     4.81
  TYR 26 4    0     0
  PHE 27 4    0     0
  ASN 30 4    0     0
  TYR 31 4    0     1.33
  PHE 32 4    0     0
  LYS 33 4    0     0.519
  ASP 34 4    0     0
  ALA 35 4    0     0
  GLY 39 4    0     0
  ALA 40 4    0     0
  SER 41 4    0     0
  LEU 43 4    0     0
