9 pairs of asymmetric units of 1bbt #1 contact at distance 5.0 A
  Atoms  MTRIX  SMTRY   Unit cell  MTRIXref  Copies
   938     4      0      0  0  0      0         1
   874     1      0      0  0  0      0         4
   389     0      1      0  0  0      0         5
    86     3      8      0  0  0      0         5
    81     1      1      0  0  0      0         5
    70     3      0      0  0  0      0         2
    70     2      0      0  0  0      0         3
    33     4     21      0 -1  0      2         2
     3     4     19      0 -1  0      2         2
Residue contacts, 411 residues
  residue1  ncs1  residue2  ncs2  sym2    cell2  distance
   THR 1 1    0  PHE 155 3    4     0    0  0  0   3.36
   THR 1 1    0  LYS 154 3    4     0    0  0  0   3.9
   THR 1 1    0  THR 156 3    4     0    0  0  0   3.15
   THR 2 1    0  PHE 155 3    4     0    0  0  0   3.95
   THR 2 1    0  LYS 154 3    4     0    0  0  0   3.03
   THR 2 1    0  ASN 152 3    4     0    0  0  0   3.15
   THR 2 1    0   GLN 27 2    3     8    0  0  0   4.18
   THR 2 1    0   ILE 14 2    3     8    0  0  0   4.57
   THR 2 1    0   THR 25 2    3     8    0  0  0   4.09
   SER 3 1    0  LYS 154 3    4     0    0  0  0   3.04
   SER 3 1    0  ASN 152 3    4     0    0  0  0   3.09
   SER 3 1    0  SER 153 3    4     0    0  0  0   3.39
   ALA 4 1    0  SER 153 3    4     0    0  0  0   4.14
   ALA 4 1    0  ASN 152 3    4     0    0  0  0   4.12
   ALA 4 1    0  LYS 154 3    4     0    0  0  0   4.41
   GLY 5 1    0  MET 110 3    4     0    0  0  0   3.94
   GLY 5 1    0  SER 153 3    4     0    0  0  0   3.11
   GLY 5 1    0  LYS 154 3    4     0    0  0  0   3.47
   GLU 6 1    0  MET 110 3    4     0    0  0  0   4.55
   GLU 6 1    0  SER 153 3    4     0    0  0  0   2.84
   ASP 9 1    0  LYS 154 3    4     0    0  0  0   4.74
  PRO 10 1    0   ALA 50 3    4     0    0  0  0   3.74
  PRO 10 1    0   GLU 49 3    4     0    0  0  0   4.68
  VAL 11 1    0  HIS 108 3    4     0    0  0  0   3.42
  VAL 11 1    0  SER 204 3    4     0    0  0  0   4.87
  VAL 11 1    0  ASN 106 3    4     0    0  0  0   4.83
  VAL 11 1    0  THR 156 3    4     0    0  0  0   3.89
  VAL 11 1    0  LYS 154 3    4     0    0  0  0   4.34
  THR 12 1    0  GLY 206 3    4     0    0  0  0   4.29
  THR 12 1    0  LYS 207 3    4     0    0  0  0   3.54
  THR 12 1    0   GLU 49 3    4     0    0  0  0   4.27
  THR 12 1    0  ASN 106 3    4     0    0  0  0   3.74
  THR 12 1    0  ALA 205 3    4     0    0  0  0   4.46
  THR 13 1    0  THR 156 3    4     0    0  0  0   3.26
  THR 13 1    0  SER 158 3    4     0    0  0  0   3.16
  THR 13 1    0  ASN 106 3    4     0    0  0  0   3.11
  THR 13 1    0  PHE 157 3    4     0    0  0  0   3.97
  THR 14 1    0  SER 158 3    4     0    0  0  0   3.3
  THR 14 1    0  LYS 207 3    4     0    0  0  0   4.15
  VAL 15 1    0  SER 158 3    4     0    0  0  0   3.77
  VAL 15 1    0  ILE 159 3    4     0    0  0  0   4.85
  VAL 15 1    0  PRO 160 3    4     0    0  0  0   4.01
  VAL 15 1    0  THR 104 3    4     0    0  0  0   4.19
  VAL 15 1    0   LEU 51 2    4     0    0  0  0   4.98
  VAL 15 1    0   SER 49 2    4     0    0  0  0   4.18
  ASN 17 1    0   ARG 18 2    3     8    0  0  0   3.44
  ASN 17 1    0   THR 23 2    3     8    0  0  0   4.05
  TYR 18 1    0  ILE 143 3    4     0    0  0  0   3.71
  TYR 18 1    0   LEU 51 2    4     0    0  0  0   4.01
  TYR 18 1    0  SER 158 3    4     0    0  0  0   2.67
  TYR 18 1    0  PHE 157 3    4     0    0  0  0   3.79
  TYR 18 1    0  PRO 160 3    4     0    0  0  0   3.23
  TYR 18 1    0  ILE 159 3    4     0    0  0  0   4.19
  TYR 18 1    0   HIS 21 2    3     8    0  0  0   3.27
  TYR 18 1    0   ARG 18 2    3     8    0  0  0   3.64
  TYR 18 1    0   GLY 20 2    3     8    0  0  0   3.67
  TYR 18 1    0   THR 23 2    3     8    0  0  0   4.17
  TYR 18 1    0   THR 22 2    3     8    0  0  0   4.88
  GLY 19 1    0   GLY 50 2    4     0    0  0  0   3.63
  GLY 19 1    0   LEU 51 2    4     0    0  0  0   3.96
  GLY 19 1    0   HIS 21 2    3     8    0  0  0   4.84
  GLY 19 1    0   ARG 18 2    3     8    0  0  0   3.62
  GLY 20 1    0   SER 49 2    4     0    0  0  0   3.29
  GLY 20 1    0   GLY 50 2    4     0    0  0  0   3.95
  GLY 20 1    0   LEU 51 2    4     0    0  0  0   3.3
  GLU 21 1    0   SER 49 2    4     0    0  0  0   2.77
  GLU 21 1    0  ASP 208 3    4     0    0  0  0   4.55
  GLU 21 1    0   GLY 50 2    4     0    0  0  0   3.8
  THR 22 1    0  ASP 208 3    4     0    0  0  0   3.56
  THR 22 1    0  LYS 207 3    4     0    0  0  0   4
  GLN 23 1    0   PRO 46 2    4     0    0  0  0   3.41
  GLN 23 1    0  ASP 208 3    4     0    0  0  0   2.84
  GLN 23 1    0   SER 49 2    4     0    0  0  0   3.91
  GLN 23 1    0   GLY 45 2    4     0    0  0  0   4.12
  GLN 23 1    0   GLY 50 2    4     0    0  0  0   4.23
  ILE 24 1    0  ASP 208 3    4     0    0  0  0   4.66
  ILE 24 1    0  GLU 210 3    4     0    0  0  0   4.11
  GLN 25 1    0  ASP 208 3    4     0    0  0  0   3.42
  GLN 25 1    0  GLU 210 3    4     0    0  0  0   3.33
  GLN 25 1    0  PHE 209 3    4     0    0  0  0   3.91
  GLN 25 1    0  LYS 207 3    4     0    0  0  0   3.37
  ARG 26 1    0  LEU 211 3    4     0    0  0  0   4.77
  ARG 26 1    0  GLU 210 3    4     0    0  0  0   2.98
  ARG 26 1    0   THR 36 4    4     0    0  0  0   3.76
  ARG 26 1    0   PHE 30 3    3     0    0  0  0   3.75
  ARG 27 1    0  PHE 209 3    4     0    0  0  0   2.87
  ARG 27 1    0  GLU 210 3    4     0    0  0  0   4.85
  ARG 27 1    0   ASN 43 3    4     0    0  0  0   3.12
  ARG 27 1    0   LEU 45 3    4     0    0  0  0   3.33
  ARG 27 1    0  LYS 207 3    4     0    0  0  0   3.22
  ARG 27 1    0   GLU 49 3    4     0    0  0  0   2.86
  ARG 27 1    0  GLY 206 3    4     0    0  0  0   3.04
  ARG 27 1    0  ASP 208 3    4     0    0  0  0   4.15
  ARG 27 1    0   ASP 46 3    4     0    0  0  0   4.54
  GLN 28 1    0   LYS 28 3    3     0    0  0  0   4.22
  GLN 28 1    0   PHE 30 3    3     0    0  0  0   3.84
  HIS 29 1    0   TYR 98 3    4     0    0  0  0   2.67
  HIS 29 1    0  LEU 211 3    4     0    0  0  0   4.01
  HIS 29 1    0  ARG 212 3    4     0    0  0  0   3.49
  HIS 29 1    0  LEU 213 3    4     0    0  0  0   3
  HIS 29 1    0  PRO 214 3    4     0    0  0  0   3.55
  HIS 29 1    0   LYS 28 3    3     0    0  0  0   3.03
  HIS 29 1    0   GLY 27 3    3     0    0  0  0   3.45
  HIS 29 1    0   VAL 29 3    3     0    0  0  0   4.54
  THR 30 1    0   TYR 98 3    4     0    0  0  0   3.46
  THR 30 1    0   ASN 43 3    4     0    0  0  0   2.72
  THR 30 1    0  LEU 211 3    4     0    0  0  0   4.01
  THR 30 1    0   LEU 45 3    4     0    0  0  0   3.83
  THR 30 1    0   LEU 94 3    4     0    0  0  0   4.69
  THR 30 1    0   LEU 44 3    4     0    0  0  0   2.79
  THR 30 1    0   THR 42 3    4     0    0  0  0   4.06
  ASP 31 1    0   ASN 43 3    4     0    0  0  0   3.43
  ASP 31 1    0   LEU 44 3    4     0    0  0  0   4.95
  ASP 31 1    0   THR 42 3    4     0    0  0  0   3.55
  VAL 32 1    0   LEU 44 3    4     0    0  0  0   4.49
  VAL 32 1    0   THR 42 3    4     0    0  0  0   2.85
  VAL 32 1    0   ASN 43 3    4     0    0  0  0   4.17
  VAL 32 1    0   PHE 41 3    4     0    0  0  0   3.65
  SER 33 1    0   THR 42 3    4     0    0  0  0   4.94
  PHE 34 1    0   TYR 30 4    4     0    0  0  0   3.89
  PHE 34 1    0  PRO 214 3    4     0    0  0  0   4.49
  PHE 34 1    0   LYS 28 3    3     0    0  0  0   3.52
  PHE 34 1    0   GLY 27 3    3     0    0  0  0   4.16
  ILE 35 1    0   TYR 98 3    4     0    0  0  0   3.48
  ILE 35 1    0  PRO 214 3    4     0    0  0  0   3.62
  ILE 35 1    0   LEU 44 3    4     0    0  0  0   4.05
  ARG 38 1    0   THR 16 3    4     0    0  0  0   3.64
  ARG 38 1    0  THR 102 1    4     0    0  0  0   3.48
  ARG 38 1    0   THR 17 3    4     0    0  0  0   3.91
  ARG 38 1    0  PRO 214 3    4     0    0  0  0   4.34
  PHE 39 1    0   LEU 14 3    4     0    0  0  0   4.04
  PHE 39 1    0   THR 16 3    4     0    0  0  0   2.85
  PHE 39 1    0   VAL 15 3    4     0    0  0  0   4.44
  PHE 39 1    0   ASP 18 3    4     0    0  0  0   4.95
  PHE 39 1    0   THR 17 3    4     0    0  0  0   4.85
  PHE 39 1    0  THR 102 1    4     0    0  0  0   2.73
  PHE 39 1    0  THR 101 1    4     0    0  0  0   4.58
  VAL 40 1    0  THR 102 1    4     0    0  0  0   3.6
  LYS 41 1    0  THR 101 1    4     0    0  0  0   3.33
  LYS 41 1    0  TYR 107 1    4     0    0  0  0   3.14
  ILE 50 1    0  PRO 208 1    1     0    0  0  0   3.7
  ILE 50 1    0  ALA 207 1    1     0    0  0  0   3.52
  ASP 52 1    0  PRO 208 1    1     0    0  0  0   3.29
  SER 58 1    0   TYR 97 3    4     0    0  0  0   4.71
  SER 58 1    0  GLU 220 3    4     0    0  0  0   3.03
  HIS 59 1    0  ALA 219 3    4     0    0  0  0   3.27
  HIS 59 1    0   TYR 97 3    4     0    0  0  0   3.08
  HIS 59 1    0  GLU 220 3    4     0    0  0  0   3.44
  HIS 59 1    0  ARG 218 3    4     0    0  0  0   3.62
  HIS 59 1    0  ASP 216 3    4     0    0  0  0   4.26
  THR 60 1    0   TYR 97 3    4     0    0  0  0   3.68
  THR 60 1    0  ASP 216 3    4     0    0  0  0   3.78
  LEU 61 1    0   TYR 97 3    4     0    0  0  0   3.6
  LEU 61 1    0  ASP 216 3    4     0    0  0  0   3.27
  LEU 61 1    0  THR 102 1    4     0    0  0  0   4.67
  LEU 61 1    0  VAL 215 3    4     0    0  0  0   3.67
  LEU 61 1    0  PRO 214 3    4     0    0  0  0   4.52
  VAL 62 1    0  THR 102 1    4     0    0  0  0   4.73
  GLY 64 1    0   TYR 97 3    4     0    0  0  0   4.43
  LEU 65 1    0   TYR 97 3    4     0    0  0  0   4.36
  LEU 65 1    0   LEU 94 3    4     0    0  0  0   4.57
  LEU 65 1    0   LEU 44 3    4     0    0  0  0   4.66
  ALA 68 1    0   PHE 90 3    4     0    0  0  0   4.98
  ALA 68 1    0   PHE 41 3    4     0    0  0  0   3.87
  SER 69 1    0   PHE 41 3    4     0    0  0  0   3.96
  PHE 73 1    0   ARG 34 3    4     0    0  0  0   3.43
  PHE 73 1    0   ASN 31 3    4     0    0  0  0   3.49
  GLU 77 1    0   ALA 22 3    4     0    0  0  0   2.9
  GLU 77 1    0   THR 21 3    4     0    0  0  0   3.36
  GLU 77 1    0   LYS 20 3    4     0    0  0  0   4.45
  ALA 79 1    0   LEU 14 3    4     0    0  0  0   4.43
  LYS 81 1    0  TYR 107 1    4     0    0  0  0   3.86
  ASP 85 1    0  GLU 175 1    1     0    0  0  0   4.79
  TRP 88 1    0   TYR 26 3    4     0    0  0  0   3.42
  VAL 89 1    0  VAL 206 1    1     0    0  0  0   4.51
  PRO 90 1    0   TYR 26 3    4     0    0  0  0   3.47
  PRO 90 1    0  VAL 206 1    1     0    0  0  0   4.38
  ASN 91 1    0  VAL 206 1    1     0    0  0  0   4.95
  GLY 92 1    0  VAL 206 1    1     0    0  0  0   4.66
  GLY 92 1    0  ILE 205 1    1     0    0  0  0   3.6
  ALA 93 1    0  VAL 206 1    1     0    0  0  0   2.91
  ALA 93 1    0  ILE 205 1    1     0    0  0  0   3.55
  ALA 93 1    0  LYS 204 1    1     0    0  0  0   4.61
  PRO 94 1    0  VAL 206 1    1     0    0  0  0   4.52
  PRO 94 1    0  ILE 205 1    1     0    0  0  0   3.99
  PRO 94 1    0  LYS 204 1    1     0    0  0  0   3.33
  PRO 94 1    0  GLN 203 1    1     0    0  0  0   3.57
  GLU 95 1    0  VAL 206 1    1     0    0  0  0   3.95
  GLU 95 1    0  ILE 205 1    1     0    0  0  0   4.19
  GLU 95 1    0  LYS 204 1    1     0    0  0  0   2.83
  LYS 96 1    0  LYS 204 1    1     0    0  0  0   4.75
  LEU 98 1    0  VAL 206 1    1     0    0  0  0   4.1
 THR 101 1    0   LYS 41 1    1     0    0  0  0   3.33
 THR 101 1    0  LEU 177 1    1     0    0  0  0   4.6
 THR 101 1    0   PHE 39 1    1     0    0  0  0   4.58
 THR 102 1    0   PHE 39 1    1     0    0  0  0   2.73
 THR 102 1    0   ARG 38 1    1     0    0  0  0   3.48
 THR 102 1    0   VAL 40 1    1     0    0  0  0   3.6
 THR 102 1    0   VAL 62 1    1     0    0  0  0   4.73
 THR 102 1    0   LEU 61 1    1     0    0  0  0   4.67
 PRO 104 1    0   VAL 25 3    4     0    0  0  0   3.93
 PRO 104 1    0   TYR 26 3    4     0    0  0  0   3.47
 TYR 107 1    0  LEU 112 1    1     0    0  0  0   3.84
 TYR 107 1    0   LYS 81 1    1     0    0  0  0   3.86
 TYR 107 1    0  GLU 175 1    1     0    0  0  0   2.58
 TYR 107 1    0  LEU 177 1    1     0    0  0  0   3.7
 TYR 107 1    0   LYS 41 1    1     0    0  0  0   3.14
 HIS 108 1    0    ASP 9 3    1     0    0  0  0   4.53
 LYS 109 1    0    ASP 9 3    1     0    0  0  0   3.23
 LYS 109 1    0    CYS 7 3    1     0    0  0  0   3.57
 LEU 112 1    0  TYR 107 1    4     0    0  0  0   3.84
 LEU 112 1    0   LEU 14 3    4     0    0  0  0   4.32
 ARG 114 1    0   LEU 14 3    4     0    0  0  0   4.13
 ARG 114 1    0   THR 21 3    4     0    0  0  0   4.32
 ARG 114 1    0   ALA 22 3    4     0    0  0  0   3.5
 ARG 114 1    0   ASP 18 3    4     0    0  0  0   2.8
 ARG 114 1    0   LYS 20 3    4     0    0  0  0   3.56
 ARG 114 1    0   VAL 15 3    4     0    0  0  0   4.86
 ARG 114 1    0   ASP 23 3    4     0    0  0  0   4.83
 LEU 115 1    0   ALA 22 3    4     0    0  0  0   3.54
 LEU 115 1    0   ASP 23 3    4     0    0  0  0   4.02
 LEU 115 1    0   VAL 25 3    4     0    0  0  0   4.11
 ALA 116 1    0   ALA 22 3    4     0    0  0  0   3.45
 ALA 116 1    0   ASP 23 3    4     0    0  0  0   3.13
 ALA 116 1    0   PRO 24 3    4     0    0  0  0   3.84
 ALA 116 1    0   VAL 25 3    4     0    0  0  0   3.93
 LEU 117 1    0   VAL 25 3    4     0    0  0  0   3.92
 PRO 118 1    0   TYR 26 3    4     0    0  0  0   3.81
 PRO 118 1    0   VAL 29 3    4     0    0  0  0   3.63
 TYR 119 1    0   ASN 31 3    4     0    0  0  0   3.72
 TYR 119 1    0   VAL 29 3    4     0    0  0  0   3.63
 TYR 119 1    0   PRO 32 3    4     0    0  0  0   4.67
 THR 120 1    0   TYR 26 3    4     0    0  0  0   4.91
 ALA 121 1    0   PRO 32 3    4     0    0  0  0   4.44
 PRO 122 1    0   PRO 32 3    4     0    0  0  0   4.06
 HIS 123 1    0   PRO 32 3    4     0    0  0  0   3.89
 ARG 124 1    0   LEU 37 3    4     0    0  0  0   3.49
 ARG 124 1    0   ARG 34 3    4     0    0  0  0   3.67
 ARG 124 1    0   PRO 32 3    4     0    0  0  0   3.71
 ARG 124 1    0   PRO 33 3    4     0    0  0  0   3.39
 VAL 125 1    0   LEU 37 3    4     0    0  0  0   3.93
 VAL 125 1    0   ARG 34 3    4     0    0  0  0   4.2
 LEU 159 1    0  PRO 208 1    1     0    0  0  0   4.43
 PRO 160 1    0  PRO 208 1    1     0    0  0  0   3.69
 THR 161 1    0  PRO 208 1    1     0    0  0  0   2.97
 THR 161 1    0  ALA 207 1    1     0    0  0  0   3.46
 THR 161 1    0  VAL 206 1    1     0    0  0  0   4.24
 SER 162 1    0  PRO 208 1    1     0    0  0  0   4.82
 PHE 163 1    0  PRO 208 1    1     0    0  0  0   4.02
 ASN 164 1    0  VAL 206 1    1     0    0  0  0   3.71
 ASN 164 1    0  PRO 208 1    1     0    0  0  0   4
 ASN 164 1    0  ALA 207 1    1     0    0  0  0   4.44
 GLY 166 1    0  VAL 206 1    1     0    0  0  0   4.17
 ALA 167 1    0  VAL 206 1    1     0    0  0  0   3.72
 GLU 175 1    0  TYR 107 1    4     0    0  0  0   2.58
 GLU 175 1    0   ASP 85 1    4     0    0  0  0   4.79
 LEU 177 1    0  TYR 107 1    4     0    0  0  0   3.7
 LEU 177 1    0   LEU 14 3    4     0    0  0  0   4.2
 LEU 177 1    0   THR 16 3    4     0    0  0  0   4.07
 LEU 177 1    0  THR 101 1    4     0    0  0  0   4.6
 ARG 179 1    0   THR 16 3    4     0    0  0  0   4.32
 ARG 179 1    0   ASP 18 3    4     0    0  0  0   2.82
 ARG 179 1    0   THR 17 3    4     0    0  0  0   3.99
 ARG 179 1    0   LYS 20 3    4     0    0  0  0   4.22
 ARG 179 1    0   VAL 15 3    4     0    0  0  0   4.8
 ARG 179 1    0   PRO 19 3    4     0    0  0  0   5
 LYS 181 1    0   THR 21 3    4     0    0  0  0   4.12
 LYS 181 1    0   LYS 20 3    4     0    0  0  0   4.86
 ARG 182 1    0   ARG 34 3    4     0    0  0  0   3.93
 ARG 182 1    0   ASN 31 3    4     0    0  0  0   3.98
 GLU 184 1    0   ARG 40 3    4     0    0  0  0   3.9
 GLU 184 1    0   ARG 34 3    4     0    0  0  0   2.64
 THR 185 1    0   PHE 41 3    4     0    0  0  0   3.13
 THR 185 1    0   ARG 40 3    4     0    0  0  0   3.54
 THR 185 1    0   GLY 39 3    4     0    0  0  0   4.27
 TYR 186 1    0   PHE 41 3    4     0    0  0  0   3.89
 TYR 186 1    0   GLY 39 3    4     0    0  0  0   3.33
 TYR 186 1    0   ARG 40 3    4     0    0  0  0   3.4
 TYR 186 1    0   PRO 38 3    4     0    0  0  0   3.42
 TYR 186 1    0   LEU 37 3    4     0    0  0  0   3.77
 TYR 186 1    0   ARG 34 3    4     0    0  0  0   4.12
 CYS 187 1    0   PHE 41 3    4     0    0  0  0   3.91
 CYS 187 1    0   GLY 39 3    4     0    0  0  0   2.82
 CYS 187 1    0   ARG 40 3    4     0    0  0  0   4.72
 CYS 187 1    0   PRO 38 3    4     0    0  0  0   4.33
 PRO 188 1    0   PHE 41 3    4     0    0  0  0   3.51
 PRO 188 1    0   VAL 47 3    4     0    0  0  0   4.26
 PRO 188 1    0   GLY 39 3    4     0    0  0  0   4.28
 ARG 189 1    0   PHE 90 3    4     0    0  0  0   4.32
 PRO 190 1    0   PHE 90 3    4     0    0  0  0   4.82
 LEU 191 1    0   GLN 96 3    4     0    0  0  0   4.61
 LEU 191 1    0   GLY 93 3    4     0    0  0  0   3.49
 LEU 191 1    0   TYR 97 3    4     0    0  0  0   4.09
 LEU 191 1    0   THR 89 3    4     0    0  0  0   3.92
 LEU 191 1    0   PHE 90 3    4     0    0  0  0   3.84
 LEU 191 1    0   LEU 94 3    4     0    0  0  0   3.58
 LEU 192 1    0   GLN 96 3    4     0    0  0  0   3
 LEU 192 1    0  GLU 220 3    4     0    0  0  0   3.02
 LEU 192 1    0   GLY 93 3    4     0    0  0  0   4.1
 LEU 192 1    0   ASN 88 3    4     0    0  0  0   4.15
 ALA 193 1    0   GLN 96 3    4     0    0  0  0   3.44
 ALA 193 1    0   SER 87 3    4     0    0  0  0   3.96
 ALA 193 1    0  GLU 220 3    4     0    0  0  0   3.3
 ALA 193 1    0   GLY 93 3    4     0    0  0  0   3.8
 ALA 193 1    0   ALA 92 3    4     0    0  0  0   3.75
 ILE 194 1    0   GLN 96 3    4     0    0  0  0   4.01
 ILE 194 1    0  ALA 219 3    4     0    0  0  0   3.73
 ILE 194 1    0  GLU 220 3    4     0    0  0  0   3.18
 ILE 194 1    0  ARG 218 3    4     0    0  0  0   4.34
 ILE 194 1    0   SER 87 3    4     0    0  0  0   3.92
 HIS 195 1    0   LYS 84 3    4     0    0  0  0   3.94
 HIS 195 1    0   ARG 56 3    4     0    0  0  0   3.79
 HIS 195 1    0   SER 87 3    4     0    0  0  0   3.46
 HIS 195 1    0   ASN 88 3    4     0    0  0  0   4.2
 HIS 195 1    0  GLU 220 3    4     0    0  0  0   4.77
 PRO 196 1    0   LYS 84 3    4     0    0  0  0   3.47
 PRO 196 1    0   ALA 82 3    4     0    0  0  0   3.83
 PRO 196 1    0   ALA 83 3    4     0    0  0  0   4.3
 PRO 196 1    0   SER 87 3    4     0    0  0  0   3.46
 THR 197 1    0   LYS 84 3    4     0    0  0  0   3.19
 GLU 198 1    0   LYS 84 3    4     0    0  0  0   3.74
 ALA 199 1    0   LYS 84 3    4     0    0  0  0   2.88
 ALA 199 1    0   ASP 78 3    4     0    0  0  0   4.21
 ALA 199 1    0   ALA 82 3    4     0    0  0  0   4.28
 ALA 199 1    0   ALA 83 3    4     0    0  0  0   3.44
 ALA 199 1    0   HIS 85 3    4     0    0  0  0   4.92
 ARG 200 1    0  GLU 176 3    4     0    0  0  0   3.01
 ARG 200 1    0  THR 177 3    4     0    0  0  0   3.17
 ARG 200 1    0  THR 178 3    4     0    0  0  0   3.82
 ARG 200 1    0  ASN 179 3    4     0    0  0  0   3.54
 ARG 200 1    0  SER 172 3    4     0    0  0  0   2.77
 ARG 200 1    0   ASP 78 3    4     0    0  0  0   3.18
 ARG 200 1    0  ASP 173 3    4     0    0  0  0   4.55
 ARG 200 1    0   SER 80 3    4     0    0  0  0   3.8
 ARG 200 1    0   ALA 82 3    4     0    0  0  0   3.27
 ARG 200 1    0   ALA 83 3    4     0    0  0  0   4.03
 ARG 200 1    0   LYS 84 3    4     0    0  0  0   4.38
 HIS 201 1    0  SER 172 3    4     0    0  0  0   3.48
 HIS 201 1    0   ALA 82 3    4     0    0  0  0   2.88
 LYS 202 1    0  VAL 174 3    4     0    0  0  0   3.83
 LYS 202 1    0  SER 172 3    4     0    0  0  0   3.22
 LYS 202 1    0  ASP 173 3    4     0    0  0  0   3.7
 LYS 202 1    0  GLU 176 3    4     0    0  0  0   3.74
 GLN 203 1    0  VAL 174 3    4     0    0  0  0   2.82
 GLN 203 1    0  SER 172 3    4     0    0  0  0   2.73
 GLN 203 1    0  ASP 173 3    4     0    0  0  0   3.05
 GLN 203 1    0   PRO 94 1    4     0    0  0  0   3.57
 GLN 203 1    0  ALA 171 3    4     0    0  0  0   3.79
 GLN 203 1    0  ALA 217 3    4     0    0  0  0   4.96
 LYS 204 1    0   GLU 95 1    4     0    0  0  0   2.83
 LYS 204 1    0  ASP 173 3    4     0    0  0  0   3.95
 LYS 204 1    0   PRO 94 1    4     0    0  0  0   3.33
 LYS 204 1    0   ALA 93 1    4     0    0  0  0   4.61
 LYS 204 1    0   LYS 96 1    4     0    0  0  0   4.75
 LYS 204 1    0  VAL 174 3    4     0    0  0  0   4.21
 ILE 205 1    0   GLU 95 1    4     0    0  0  0   4.19
 ILE 205 1    0  ASP 173 3    4     0    0  0  0   2.81
 ILE 205 1    0   ALA 93 1    4     0    0  0  0   3.55
 ILE 205 1    0   PRO 94 1    4     0    0  0  0   3.99
 ILE 205 1    0   GLY 92 1    4     0    0  0  0   3.6
 ILE 205 1    0  SER 172 3    4     0    0  0  0   3.85
 ILE 205 1    0  ALA 171 3    4     0    0  0  0   3.89
 ILE 205 1    0  TYR 169 3    4     0    0  0  0   4.56
 VAL 206 1    0   GLU 95 1    4     0    0  0  0   3.95
 VAL 206 1    0   ALA 93 1    4     0    0  0  0   2.91
 VAL 206 1    0  ASN 164 1    4     0    0  0  0   3.71
 VAL 206 1    0   VAL 89 1    4     0    0  0  0   4.51
 VAL 206 1    0  GLY 166 1    4     0    0  0  0   4.17
 VAL 206 1    0  ALA 167 1    4     0    0  0  0   3.72
 VAL 206 1    0   PRO 90 1    4     0    0  0  0   4.38
 VAL 206 1    0   ASN 91 1    4     0    0  0  0   4.95
 VAL 206 1    0   GLY 92 1    4     0    0  0  0   4.66
 VAL 206 1    0   LEU 98 1    4     0    0  0  0   4.1
 VAL 206 1    0   PRO 94 1    4     0    0  0  0   4.52
 VAL 206 1    0  THR 161 1    4     0    0  0  0   4.24
 ALA 207 1    0  THR 161 1    4     0    0  0  0   3.46
 ALA 207 1    0  ASN 164 1    4     0    0  0  0   4.44
 ALA 207 1    0   ILE 50 1    4     0    0  0  0   3.52
 PRO 208 1    0  THR 161 1    4     0    0  0  0   2.97
 PRO 208 1    0  ASN 164 1    4     0    0  0  0   4
 PRO 208 1    0   ILE 50 1    4     0    0  0  0   3.7
 PRO 208 1    0  LEU 159 1    4     0    0  0  0   4.43
 PRO 208 1    0  PRO 160 1    4     0    0  0  0   3.69
 PRO 208 1    0  PHE 163 1    4     0    0  0  0   4.02
 PRO 208 1    0   ASP 52 1    4     0    0  0  0   3.29
 PRO 208 1    0  SER 162 1    4     0    0  0  0   4.82
   LEU 9 2    0  THR 115 3    0     1    0  0  0   2.87
   LEU 9 2    0    LEU 9 2    3     8    0  0  0   2.95
   LEU 9 2    0  GLN 115 2    1     1    0  0  0   3.59
   LEU 9 2    0  ARG 151 2    1     1    0  0  0   3.77
   LEU 9 2    0    LEU 9 2    1     1    0  0  0   2.95
   LEU 9 2    0   LEU 10 2    1     1    0  0  0   3.79
   LEU 9 2    0   GLU 11 2    1     1    0  0  0   3.38
  LEU 10 2    0  THR 115 3    0     1    0  0  0   3.41
  LEU 10 2    0  LEU 151 3    0     1    0  0  0   3.82
  LEU 10 2    0  GLY 150 3    0     1    0  0  0   3.98
  LEU 10 2    0    LEU 9 2    3     8    0  0  0   3.79
  LEU 10 2    0  ARG 151 2    1     1    0  0  0   3.62
  GLU 11 2    0  LEU 151 3    4     0    0  0  0   3.83
  GLU 11 2    0  LEU 151 3    0     1    0  0  0   3.94
  GLU 11 2    0  GLY 150 3    0     1    0  0  0   4.86
  GLU 11 2    0    LEU 9 2    3     8    0  0  0   3.38
  ASP 12 2    0  LEU 151 3    0     1    0  0  0   4.63
  ILE 14 2    0  ASN 152 3    0     1    0  0  0   4.19
  ILE 14 2    0   PHE 80 4    1     1    0  0  0   4.17
  ILE 14 2    0    THR 2 1    1     1    0  0  0   4.57
  ILE 14 2    0   GLY 81 4    1     1    0  0  0   2.99
  ILE 14 2    0   ALA 82 4    1     1    0  0  0   2.91
  LEU 15 2    0   GLY 81 4    1     1    0  0  0   4.5
  LEU 15 2    0   ALA 82 4    1     1    0  0  0   3.24
  LEU 15 2    0   LEU 84 4    1     1    0  0  0   3.66
  LEU 15 2    0   LEU 83 4    1     1    0  0  0   4.21
  THR 16 2    0   GLY 81 4    1     1    0  0  0   4.62
  THR 16 2    0   ALA 82 4    1     1    0  0  0   2.77
  THR 16 2    0   LEU 83 4    1     1    0  0  0   3.42
  THR 16 2    0   LEU 84 4    1     1    0  0  0   2.82
  THR 16 2    0   LEU 79 4    1     1    0  0  0   4.28
  THR 17 2    0   LEU 84 4    1     1    0  0  0   3.19
  ARG 18 2    0   LEU 84 4    1     1    0  0  0   2.88
  ARG 18 2    0   LEU 83 4    1     1    0  0  0   4.17
  ARG 18 2    0   ALA 85 4    1     1    0  0  0   3.44
  ARG 18 2    0   ASN 17 1    1     1    0  0  0   3.44
  ARG 18 2    0   TYR 18 1    1     1    0  0  0   3.64
  ARG 18 2    0   GLY 19 1    1     1    0  0  0   3.62
  ASN 19 2    0   ALA 85 4    1     1    0  0  0   4.97
  GLY 20 2    0   TYR 18 1    1     1    0  0  0   3.67
  HIS 21 2    0  HIS 144 3    0     1    0  0  0   3.48
  HIS 21 2    0  ILE 143 3    0     1    0  0  0   3.64
  HIS 21 2    0  CYS 142 3    0     1    0  0  0   4.6
  HIS 21 2    0  GLU 213 2    0     1    0  0  0   2.51
  HIS 21 2    0   LEU 51 2    0     1    0  0  0   3.64
  HIS 21 2    0   TYR 18 1    1     1    0  0  0   3.27
  HIS 21 2    0   GLY 19 1    1     1    0  0  0   4.84
  THR 22 2    0  HIS 144 3    0     1    0  0  0   3.27
  THR 22 2    0  ALA 140 3    0     1    0  0  0   4.12
  THR 22 2    0  CYS 142 3    0     1    0  0  0   3.99
  THR 22 2    0   TYR 18 1    1     1    0  0  0   4.88
  THR 23 2    0  GLU 146 3    0     1    0  0  0   3.05
  THR 23 2    0  ALA 145 3    0     1    0  0  0   3.3
  THR 23 2    0  HIS 144 3    0     1    0  0  0   3.28
  THR 23 2    0   ASN 17 1    1     1    0  0  0   4.05
  THR 23 2    0   TYR 18 1    1     1    0  0  0   4.17
  SER 24 2    0  ARG 120 3    0     1    0  0  0   3.49
  SER 24 2    0  GLU 146 3    0     1    0  0  0   3.45
  THR 25 2    0  ASP 148 3    0     1    0  0  0   3.55
  THR 25 2    0  ARG 120 3    0     1    0  0  0   3
  THR 25 2    0  GLU 146 3    0     1    0  0  0   3.02
  THR 25 2    0  TRP 147 3    0     1    0  0  0   3.39
  THR 25 2    0  PHE 155 3    0     1    0  0  0   4.37
  THR 25 2    0    THR 2 1    1     1    0  0  0   4.09
  THR 26 2    0  ASP 148 3    0     1    0  0  0   2.36
  THR 26 2    0  ARG 120 3    0     1    0  0  0   3.58
  GLN 27 2    0  THR 149 3    0     1    0  0  0   3.69
  GLN 27 2    0  ASP 148 3    0     1    0  0  0   2.86
  GLN 27 2    0  LEU 151 3    0     1    0  0  0   3.26
  GLN 27 2    0  GLY 150 3    0     1    0  0  0   3.45
  GLN 27 2    0  ASN 152 3    0     1    0  0  0   2.82
  GLN 27 2    0    THR 2 1    1     1    0  0  0   4.18
  SER 28 2    0  ASP 148 3    0     1    0  0  0   4.56
  VAL 32 2    0   LEU 84 4    1     1    0  0  0   3.88
  TYR 34 2    0   LEU 84 4    1     1    0  0  0   3.71
  TYR 36 2    0   GLY 39 3    4     0    0  0  0   2.92
  TYR 36 2    0   PRO 38 3    4     0    0  0  0   3.5
  ALA 37 2    0   PRO 38 3    4     0    0  0  0   3.69
  ASP 41 2    0   PRO 38 3    4     0    0  0  0   4.69
  ASP 41 2    0   LEU 37 3    4     0    0  0  0   4.3
  ASP 41 2    0   GLN 36 3    4     0    0  0  0   3.43
  ASP 41 2    0   ASN 35 3    4     0    0  0  0   4.82
  PHE 42 2    0   GLN 36 3    4     0    0  0  0   3.7
  PHE 42 2    0   ASN 35 3    4     0    0  0  0   3.3
  GLY 45 2    0   GLN 23 1    1     0    0  0  0   4.12
  PRO 46 2    0   PRO 33 3    4     0    0  0  0   4.74
  PRO 46 2    0   GLN 23 1    1     0    0  0  0   3.41
  SER 49 2    0   GLN 23 1    1     0    0  0  0   3.91
  SER 49 2    0   GLU 21 1    1     0    0  0  0   2.77
  SER 49 2    0   GLY 20 1    1     0    0  0  0   3.29
  SER 49 2    0   VAL 15 1    1     0    0  0  0   4.18
  GLY 50 2    0   GLN 23 1    1     0    0  0  0   4.23
  GLY 50 2    0   GLU 21 1    1     0    0  0  0   3.8
  GLY 50 2    0   GLY 20 1    1     0    0  0  0   3.95
  GLY 50 2    0   GLY 19 1    1     0    0  0  0   3.63
  LEU 51 2    0   GLY 20 1    1     0    0  0  0   3.3
  LEU 51 2    0   TYR 18 1    1     0    0  0  0   4.01
  LEU 51 2    0   GLY 19 1    1     0    0  0  0   3.96
  LEU 51 2    0   VAL 15 1    1     0    0  0  0   4.98
  LEU 51 2    0   HIS 21 2    0     1    0  0  0   3.64
  THR 53 2    0   GLN 57 2    0     1    0  0  0   2.9
  ARG 54 2    0   GLN 57 2    0     1    0  0  0   3.3
  VAL 55 2    0   GLN 57 2    0     1    0  0  0   4.12
  GLN 57 2    0   TYR 98 2    0     1    0  0  0   3.43
  GLN 57 2    0   THR 53 2    0     1    0  0  0   2.9
  GLN 57 2    0   ARG 54 2    0     1    0  0  0   3.3
  GLN 57 2    0   VAL 55 2    0     1    0  0  0   4.12
  ARG 60 2    0  ALA 140 3    0     1    0  0  0   2.8
  ARG 60 2    0  HIS 141 3    0     1    0  0  0   3.26
  ARG 60 2    0  CYS 142 3    0     1    0  0  0   3.18
  ARG 60 2    0  ILE 143 3    0     1    0  0  0   3.83
  ARG 60 2    0  GLU 213 2    0     1    0  0  0   2.85
  ARG 60 2    0  HIS 144 3    0     1    0  0  0   4.39
  PHE 61 2    0  ALA 140 3    0     1    0  0  0   3.57
  PHE 61 2    0  HIS 144 3    0     1    0  0  0   3.78
  PHE 62 2    0  ALA 140 3    0     1    0  0  0   3.87
  PHE 62 2    0  HIS 141 3    0     1    0  0  0   4.38
  LYS 63 2    0  GLU 146 3    0     1    0  0  0   2.6
  LYS 63 2    0  ALA 140 3    0     1    0  0  0   3.94
  LYS 63 2    0  PRO 136 3    0     1    0  0  0   3.87
  LYS 63 2    0  ILE 189 3    0     1    0  0  0   4.71
  LYS 63 2    0  MET 122 3    0     1    0  0  0   3.66
  LYS 63 2    0  HIS 144 3    0     1    0  0  0   3.35
  LYS 63 2    0  GLU 137 3    0     1    0  0  0   3.63
  THR 64 2    0  GLU 137 3    0     1    0  0  0   4.85
  HIS 65 2    0  GLU 137 3    0     1    0  0  0   4.63
  ASP 68 2    2   SER 72 2    4    21    0 -1  0   4.38
  VAL 70 2    2   VAL 70 2    4    21    0 -1  0   4.16
  VAL 70 2    2   SER 72 2    4    21    0 -1  0   2.92
  VAL 70 2    2   THR 71 2    4    21    0 -1  0   4.77
  THR 71 2    2  GLN 196 2    4    21    0 -1  0   3.72
  THR 71 2    2  PRO 195 2    4    21    0 -1  0   3.71
  THR 71 2    2   VAL 70 2    4    21    0 -1  0   4.77
  SER 72 2    2   VAL 70 2    4    21    0 -1  0   2.92
  SER 72 2    2  GLN 196 2    4    21    0 -1  0   2.92
  SER 72 2    2   ASP 68 2    4    21    0 -1  0   4.38
  PHE 75 2    0   GLY 60 3    4     0    0  0  0   3.64
  PHE 75 2    0   VAL 61 3    4     0    0  0  0   4.27
  PHE 75 2    0   PRO 62 3    4     0    0  0  0   3.47
  PHE 75 2    0   TYR 63 3    4     0    0  0  0   4.58
  HIS 87 2    0  GLU 218 2    0     1    0  0  0   4.84
  HIS 87 2    0  HIS 141 3    0     1    0  0  0   3.68
  LYS 88 2    0  GLU 218 2    0     1    0  0  0   3.25
  LYS 88 2    0  HIS 141 3    0     1    0  0  0   4.46
  LYS 88 2    0  SER 216 2    0     1    0  0  0   3.2
  GLY 89 2    0  GLU 218 2    0     1    0  0  0   4.99
  GLY 89 2    0  HIS 141 3    0     1    0  0  0   3.74
  GLY 89 2    0  SER 216 2    0     1    0  0  0   4.8
  VAL 90 2    0   SER 97 2    0     1    0  0  0   4.92
  VAL 90 2    0   TYR 98 2    0     1    0  0  0   4.07
  SER 97 2    0   VAL 90 2    0     1    0  0  0   4.92
  TYR 98 2    0   VAL 90 2    0     1    0  0  0   4.07
  TYR 98 2    0   GLN 57 2    0     1    0  0  0   3.43
 GLU 108 2    0  ARG 120 3    0     1    0  0  0   4.23
 GLU 108 2    0  GLU 146 3    0     1    0  0  0   4.21
 THR 110 2    0  THR 190 3    0     1    0  0  0   4.84
 THR 110 2    0  ARG 120 3    0     1    0  0  0   3.76
 VAL 112 2    0  GLY 192 3    0     1    0  0  0   3.58
 VAL 112 2    0  HIS 191 3    0     1    0  0  0   3.67
 VAL 112 2    0  THR 190 3    0     1    0  0  0   3.98
 VAL 112 2    0  LYS 118 3    0     1    0  0  0   4.12
 VAL 112 2    0  ALA 119 3    0     1    0  0  0   4.42
 VAL 112 2    0  ARG 120 3    0     1    0  0  0   4.46
 GLY 113 2    0  GLY 192 3    0     1    0  0  0   3.39
 GLY 113 2    0  LYS 118 3    0     1    0  0  0   3.52
 ASN 114 2    0  ASP 116 3    0     1    0  0  0   2.96
 ASN 114 2    0  LYS 118 3    0     1    0  0  0   3.81
 ASN 114 2    0  GLY 192 3    0     1    0  0  0   4.57
 ASN 114 2    0  ALA 117 3    0     1    0  0  0   4.99
 ASN 114 2    0  LYS 193 3    0     1    0  0  0   3.7
 GLN 115 2    0  PRO 114 3    4     0    0  0  0   3.81
 GLN 115 2    0  ASP 116 3    4     0    0  0  0   4.95
 GLN 115 2    0  THR 115 3    4     0    0  0  0   2.87
 GLN 115 2    0  ASP 116 3    0     1    0  0  0   3.47
 GLN 115 2    0  THR 115 3    0     1    0  0  0   3.03
 GLN 115 2    0  LYS 118 3    0     1    0  0  0   3.54
 GLN 115 2    0    LEU 9 2    3     8    0  0  0   3.59
 PHE 116 2    0  PRO 114 3    4     0    0  0  0   3.4
 PHE 116 2    0  ASP 116 3    4     0    0  0  0   3.52
 PHE 116 2    0  THR 115 3    4     0    0  0  0   3.73
 PHE 116 2    0  ASP 116 3    0     1    0  0  0   3.68
 PHE 116 2    0  PHE 116 2    3     8    0  0  0   4.04
 PHE 116 2    0  PHE 116 2    1     1    0  0  0   4.04
 ASN 117 2    0  PRO 114 3    4     0    0  0  0   3.32
 ASN 117 2    0  GLY 113 3    4     0    0  0  0   4.58
 ASN 117 2    0  THR 115 3    4     0    0  0  0   4.95
 GLY 118 2    0  THR 112 3    4     0    0  0  0   3.35
 GLY 118 2    0  PRO 114 3    4     0    0  0  0   4.07
 GLY 118 2    0  GLY 113 3    4     0    0  0  0   4.2
 GLY 119 2    0  THR 112 3    4     0    0  0  0   2.97
 CYS 120 2    0  THR 112 3    4     0    0  0  0   3.57
 CYS 120 2    0  MET 110 3    4     0    0  0  0   3.93
 LEU 122 2    0   PHE 54 3    4     0    0  0  0   4.49
 ARG 135 2    0   ASN 88 3    4     0    0  0  0   2.74
 ARG 135 2    0   SER 87 3    4     0    0  0  0   3.15
 ARG 135 2    0  GLU 220 3    4     0    0  0  0   3.66
 LEU 137 2    0   PHE 54 3    4     0    0  0  0   4.1
 TYR 138 2    0   ASN 88 3    4     0    0  0  0   3.33
 TYR 138 2    0   ARG 56 3    4     0    0  0  0   3.58
 TYR 138 2    0   GLY 60 3    4     0    0  0  0   3.09
 TYR 138 2    0   VAL 61 3    4     0    0  0  0   3.57
 TYR 138 2    0   PRO 62 3    4     0    0  0  0   4.26
 TYR 138 2    0   LEU 55 3    4     0    0  0  0   3.46
 TYR 138 2    0   PHE 54 3    4     0    0  0  0   2.98
 TYR 138 2    0   THR 53 3    4     0    0  0  0   3.36
 GLN 139 2    0   ASN 88 3    4     0    0  0  0   2.85
 GLN 139 2    0   THR 89 3    4     0    0  0  0   3.22
 GLN 139 2    0   PHE 90 3    4     0    0  0  0   3.33
 GLN 139 2    0   PHE 54 3    4     0    0  0  0   4.78
 GLN 139 2    0   THR 53 3    4     0    0  0  0   3.77
 THR 141 2    0   PHE 54 3    4     0    0  0  0   4.24
 THR 141 2    0   PRO 52 3    4     0    0  0  0   2.61
 THR 141 2    0  LEU 202 3    4     0    0  0  0   4.72
 THR 141 2    0   THR 53 3    4     0    0  0  0   3.55
 THR 141 2    0   CYS 51 3    4     0    0  0  0   3.96
 LEU 142 2    0   PHE 90 3    4     0    0  0  0   3.93
 LEU 142 2    0   THR 53 3    4     0    0  0  0   4.41
 LEU 142 2    0   CYS 51 3    4     0    0  0  0   3.68
 LEU 142 2    0   VAL 47 3    4     0    0  0  0   3.87
 PHE 147 2    0   PHE 54 3    4     0    0  0  0   4.28
 PHE 147 2    0  MET 110 3    4     0    0  0  0   3.78
 ASN 149 2    0  THR 112 3    4     0    0  0  0   3.49
 ASN 149 2    0  PHE 111 3    4     0    0  0  0   3.22
 ASN 149 2    0  MET 110 3    4     0    0  0  0   4.59
 ASN 149 2    0  SER 153 3    4     0    0  0  0   4.16
 ASN 149 2    0  GLY 113 3    4     0    0  0  0   4.93
 ARG 151 2    0  GLY 113 3    4     0    0  0  0   2.89
 ARG 151 2    0  PHE 111 3    4     0    0  0  0   3.32
 ARG 151 2    0  PRO 114 3    4     0    0  0  0   3.09
 ARG 151 2    0  ALA 117 3    4     0    0  0  0   4.23
 ARG 151 2    0  THR 115 3    4     0    0  0  0   4.07
 ARG 151 2    0  GLY 150 3    4     0    0  0  0   3.12
 ARG 151 2    0  THR 149 3    4     0    0  0  0   4.55
 ARG 151 2    0  THR 112 3    4     0    0  0  0   4.5
 ARG 151 2    0  SER 153 3    4     0    0  0  0   4.65
 ARG 151 2    0    LEU 9 2    3     8    0  0  0   3.77
 ARG 151 2    0   LEU 10 2    3     8    0  0  0   3.62
 THR 152 2    0  SER 153 3    4     0    0  0  0   4.56
 THR 152 2    0  LEU 151 3    4     0    0  0  0   4.77
 MET 154 2    0  LYS 118 3    0     1    0  0  0   3.43
 MET 154 2    0  THR 149 3    0     1    0  0  0   4.33
 MET 154 2    0  ASP 148 3    0     1    0  0  0   3.47
 THR 155 2    0  ASP 148 3    0     1    0  0  0   4.25
 THR 155 2    0  ARG 120 3    0     1    0  0  0   4.4
 HIS 157 2    0   LEU 84 4    1     1    0  0  0   3.84
 PRO 161 2    0   PRO 38 3    4     0    0  0  0   4.07
 PHE 162 2    0   PRO 38 3    4     0    0  0  0   4.09
 VAL 163 2    0   PRO 38 3    4     0    0  0  0   3.79
 ARG 167 2    0   PRO 33 3    4     0    0  0  0   3.59
 MET 182 2    0   PHE 54 3    4     0    0  0  0   4.54
 VAL 184 2    0   PRO 62 3    4     0    0  0  0   4.06
 VAL 184 2    0   TYR 63 3    4     0    0  0  0   3.41
 VAL 184 2    0   PHE 54 3    4     0    0  0  0   4.6
 VAL 184 2    0  VAL 200 3    4     0    0  0  0   4.23
 ALA 185 2    0   TYR 63 3    4     0    0  0  0   3.98
 ALA 185 2    0  ALA 198 3    4     0    0  0  0   4.14
 ALA 185 2    0  THR 112 3    4     0    0  0  0   3.65
 ALA 185 2    0  VAL 200 3    4     0    0  0  0   4.67
 PRO 186 2    0   TYR 63 3    4     0    0  0  0   3.25
 THR 188 2    0  GLY 196 3    4     0    0  0  0   4.93
 THR 188 2    0  ASP 197 3    4     0    0  0  0   4.37
 THR 188 2    0  PRO 114 3    4     0    0  0  0   4.71
 VAL 189 2    2  PRO 195 2    4    21    0 -1  0   4.78
 VAL 189 2    2  VAL 189 2    4    21    0 -1  0   4.57
 ASN 190 2    0  ASP 197 3    4     0    0  0  0   4.84
 ASN 190 2    0  PRO 114 3    4     0    0  0  0   3.94
 ASN 190 2    2  THR 191 2    4    21    0 -1  0   4.68
 THR 191 2    0  GLU 192 2    3     8    0  0  0   3.22
 THR 191 2    2  THR 191 2    4    21    0 -1  0   3.7
 THR 191 2    2  ASN 190 2    4    21    0 -1  0   4.68
 THR 191 2    2  GLU 192 2    4    21    0 -1  0   4.43
 THR 191 2    2  THR 191 2    4    19    0 -1  0   3.5
 GLU 192 2    0  LYS 193 3    0     1    0  0  0   3.13
 GLU 192 2    0  ASP 116 3    0     1    0  0  0   3.59
 GLU 192 2    0  GLU 192 2    3     8    0  0  0   3.94
 GLU 192 2    0  GLU 192 2    1     1    0  0  0   3.94
 GLU 192 2    0  THR 191 2    1     1    0  0  0   3.22
 GLU 192 2    2  THR 191 2    4    21    0 -1  0   4.43
 GLY 193 2    0  LYS 193 3    0     1    0  0  0   4.26
 ALA 194 2    0  LYS 193 3    0     1    0  0  0   3.99
 ALA 194 2    0  GLY 192 3    0     1    0  0  0   3.83
 PRO 195 2    0  LYS 193 3    0     1    0  0  0   4.76
 PRO 195 2    2   THR 71 2    4    21    0 -1  0   3.71
 PRO 195 2    2  VAL 189 2    4    21    0 -1  0   4.78
 GLN 196 2    2   SER 72 2    4    21    0 -1  0   2.92
 GLN 196 2    2   THR 71 2    4    21    0 -1  0   3.72
 LYS 198 2    0  THR 190 3    0     1    0  0  0   3.6
 TYR 200 2    0  THR 190 3    0     1    0  0  0   3.6
 TYR 200 2    0  ILE 189 3    0     1    0  0  0   3.49
 TYR 200 2    0   ARG 72 3    0     1    0  0  0   3.41
 TYR 200 2    0  GLU 137 3    0     1    0  0  0   4.82
 ASN 202 2    0  GLU 146 3    0     1    0  0  0   4.12
 ASN 202 2    0  HIS 144 3    0     1    0  0  0   4.96
 GLU 213 2    0   ARG 60 2    0     1    0  0  0   2.85
 GLU 213 2    0   HIS 21 2    0     1    0  0  0   2.51
 SER 216 2    0   LYS 88 2    0     1    0  0  0   3.2
 SER 216 2    0   GLY 89 2    0     1    0  0  0   4.8
 GLU 218 2    0   LYS 88 2    0     1    0  0  0   3.25
 GLU 218 2    0   GLY 89 2    0     1    0  0  0   4.99
 GLU 218 2    0   HIS 87 2    0     1    0  0  0   4.84
   GLY 1 3    0   ASN 24 4    3     0    0  0  0   3.16
   GLY 1 3    0   GLN 31 4    3     0    0  0  0   2.94
   GLY 1 3    0   TYR 26 4    3     0    0  0  0   3.92
   GLY 1 3    0   TYR 11 3    3     0    0  0  0   4.59
   GLY 1 3    0   TYR 25 4    3     0    0  0  0   4.74
   GLY 1 3    0   ALA 22 3    2     0    0  0  0   2.98
   GLY 1 3    0   ASP 23 3    2     0    0  0  0   2.94
   GLY 1 3    0   THR 21 3    2     0    0  0  0   2.74
   GLY 1 3    0   PRO 24 3    2     0    0  0  0   4.6
   ILE 2 3    0    ALA 6 3    4     0    0  0  0   3.69
   ILE 2 3    0    PRO 4 3    4     0    0  0  0   3.94
   ILE 2 3    0    VAL 5 3    4     0    0  0  0   3.45
   ILE 2 3    0   TYR 26 4    3     0    0  0  0   3.87
   ILE 2 3    0   TYR 11 3    3     0    0  0  0   3.56
   ILE 2 3    0   TYR 25 4    3     0    0  0  0   4.2
   ILE 2 3    0    SER 8 3    3     0    0  0  0   3.47
   ILE 2 3    0   ASP 23 3    2     0    0  0  0   2.86
   ILE 2 3    0   THR 21 3    2     0    0  0  0   4.38
   ILE 2 3    0   LYS 20 3    2     0    0  0  0   4.26
   ILE 2 3    0   TYR 25 4    2     0    0  0  0   4.95
   PHE 3 3    0    ALA 6 3    4     0    0  0  0   2.93
   PHE 3 3    0    VAL 5 3    4     0    0  0  0   3.29
   PHE 3 3    0    PRO 4 3    4     0    0  0  0   4.11
   PHE 3 3    0    PHE 3 3    4     0    0  0  0   3.79
   PHE 3 3    0   ILE 22 4    4     0    0  0  0   4.51
   PHE 3 3    0    PHE 3 3    1     0    0  0  0   3.79
   PHE 3 3    0   TYR 25 4    3     0    0  0  0   3.56
   PRO 4 3    0    ALA 6 3    4     0    0  0  0   3.54
   PRO 4 3    0    SER 8 3    4     0    0  0  0   3.66
   PRO 4 3    0    ILE 2 3    1     0    0  0  0   3.94
   PRO 4 3    0    PHE 3 3    1     0    0  0  0   4.11
   PRO 4 3    0   LYS 20 3    3     0    0  0  0   4.44
   PRO 4 3    0   TYR 26 4    3     0    0  0  0   4.13
   PRO 4 3    0   TYR 25 4    3     0    0  0  0   3.59
   VAL 5 3    0    ALA 6 3    4     0    0  0  0   2.93
   VAL 5 3    0    SER 8 3    4     0    0  0  0   2.93
   VAL 5 3    0    CYS 7 3    4     0    0  0  0   3.52
   VAL 5 3    0    VAL 5 3    4     0    0  0  0   3.79
   VAL 5 3    0    ILE 2 3    1     0    0  0  0   3.45
   VAL 5 3    0    PHE 3 3    1     0    0  0  0   3.29
   VAL 5 3    0    VAL 5 3    1     0    0  0  0   3.79
   ALA 6 3    0   TYR 11 3    4     0    0  0  0   3.62
   ALA 6 3    0   GLY 12 3    4     0    0  0  0   4.19
   ALA 6 3    0    ILE 2 3    1     0    0  0  0   3.69
   ALA 6 3    0    PHE 3 3    1     0    0  0  0   2.93
   ALA 6 3    0    PRO 4 3    1     0    0  0  0   3.54
   ALA 6 3    0    VAL 5 3    1     0    0  0  0   2.93
   ALA 6 3    0   ASP 23 3    3     0    0  0  0   4.5
   CYS 7 3    0    CYS 7 3    4     0    0  0  0   3.13
   CYS 7 3    0   GLY 12 3    4     0    0  0  0   3.62
   CYS 7 3    0  LYS 109 1    4     0    0  0  0   3.57
   CYS 7 3    0   TYR 11 3    4     0    0  0  0   4.44
   CYS 7 3    0    VAL 5 3    1     0    0  0  0   3.52
   CYS 7 3    0    CYS 7 3    1     0    0  0  0   3.13
   SER 8 3    0   GLY 12 3    4     0    0  0  0   3.49
   SER 8 3    0   LYS 20 3    4     0    0  0  0   4.11
   SER 8 3    0    PRO 4 3    1     0    0  0  0   3.66
   SER 8 3    0    VAL 5 3    1     0    0  0  0   2.93
   SER 8 3    0    ILE 2 3    2     0    0  0  0   3.47
   ASP 9 3    0  HIS 108 1    4     0    0  0  0   4.53
   ASP 9 3    0  LYS 109 1    4     0    0  0  0   3.23
   ASP 9 3    0   GLY 12 3    4     0    0  0  0   2.74
   ASP 9 3    0   GLY 13 3    4     0    0  0  0   3.97
   ASP 9 3    0   LEU 14 3    4     0    0  0  0   4.23
  TYR 11 3    0   ALA 22 3    4     0    0  0  0   3.8
  TYR 11 3    0   THR 21 3    4     0    0  0  0   2.74
  TYR 11 3    0   ASP 23 3    4     0    0  0  0   3.27
  TYR 11 3    0   LYS 20 3    4     0    0  0  0   3.83
  TYR 11 3    0    ALA 6 3    1     0    0  0  0   3.62
  TYR 11 3    0    CYS 7 3    1     0    0  0  0   4.44
  TYR 11 3    0    ILE 2 3    2     0    0  0  0   3.56
  TYR 11 3    0    GLY 1 3    2     0    0  0  0   4.59
  GLY 12 3    0   ASP 23 3    4     0    0  0  0   4.66
  GLY 12 3    0    ASP 9 3    1     0    0  0  0   2.74
  GLY 12 3    0    CYS 7 3    1     0    0  0  0   3.62
  GLY 12 3    0    SER 8 3    1     0    0  0  0   3.49
  GLY 12 3    0    ALA 6 3    1     0    0  0  0   4.19
  GLY 13 3    0    ASP 9 3    1     0    0  0  0   3.97
  LEU 14 3    0    ASP 9 3    1     0    0  0  0   4.23
  LEU 14 3    0  LEU 112 1    1     0    0  0  0   4.32
  LEU 14 3    0   PHE 39 1    1     0    0  0  0   4.04
  LEU 14 3    0   ALA 79 1    1     0    0  0  0   4.43
  LEU 14 3    0  ARG 114 1    1     0    0  0  0   4.13
  LEU 14 3    0  LEU 177 1    1     0    0  0  0   4.2
  VAL 15 3    0   VAL 25 3    4     0    0  0  0   3.51
  VAL 15 3    0   PHE 39 1    1     0    0  0  0   4.44
  VAL 15 3    0  ARG 114 1    1     0    0  0  0   4.86
  VAL 15 3    0  ARG 179 1    1     0    0  0  0   4.8
  THR 16 3    0   PHE 39 1    1     0    0  0  0   2.85
  THR 16 3    0  LEU 177 1    1     0    0  0  0   4.07
  THR 16 3    0   ARG 38 1    1     0    0  0  0   3.64
  THR 16 3    0  ARG 179 1    1     0    0  0  0   4.32
  THR 17 3    0   VAL 25 3    4     0    0  0  0   2.73
  THR 17 3    0   TYR 26 3    4     0    0  0  0   4.78
  THR 17 3    0   PHE 39 1    1     0    0  0  0   4.85
  THR 17 3    0  ARG 179 1    1     0    0  0  0   3.99
  THR 17 3    0   ARG 38 1    1     0    0  0  0   3.91
  THR 17 3    0   ASN 17 4    1     0    0  0  0   3.13
  ASP 18 3    0   VAL 25 3    4     0    0  0  0   4.95
  ASP 18 3    0   PRO 24 3    4     0    0  0  0   4.98
  ASP 18 3    0  ARG 114 1    1     0    0  0  0   2.8
  ASP 18 3    0  ARG 179 1    1     0    0  0  0   2.82
  ASP 18 3    0   PHE 39 1    1     0    0  0  0   4.95
  ASP 18 3    0   ASN 17 4    1     0    0  0  0   3.9
  PRO 19 3    0   PRO 24 3    4     0    0  0  0   3.52
  PRO 19 3    0   VAL 25 3    4     0    0  0  0   4.6
  PRO 19 3    0   GLY 19 4    1     0    0  0  0   3.05
  PRO 19 3    0   THR 18 4    1     0    0  0  0   3.43
  PRO 19 3    0   ASN 17 4    1     0    0  0  0   3.76
  PRO 19 3    0  ARG 179 1    1     0    0  0  0   5
  PRO 19 3    0   SER 20 4    1     0    0  0  0   3.7
  LYS 20 3    0  ARG 114 1    1     0    0  0  0   3.56
  LYS 20 3    0    SER 8 3    1     0    0  0  0   4.11
  LYS 20 3    0   TYR 11 3    1     0    0  0  0   3.83
  LYS 20 3    0   THR 18 4    1     0    0  0  0   4.62
  LYS 20 3    0   SER 20 4    1     0    0  0  0   4.63
  LYS 20 3    0  ARG 179 1    1     0    0  0  0   4.22
  LYS 20 3    0   GLU 77 1    1     0    0  0  0   4.45
  LYS 20 3    0  LYS 181 1    1     0    0  0  0   4.86
  LYS 20 3    0   ASN 17 4    1     0    0  0  0   4.85
  LYS 20 3    0    ILE 2 3    3     0    0  0  0   4.26
  LYS 20 3    0    PRO 4 3    2     0    0  0  0   4.44
  THR 21 3    0   TYR 11 3    1     0    0  0  0   2.74
  THR 21 3    0  ARG 114 1    1     0    0  0  0   4.32
  THR 21 3    0   GLU 77 1    1     0    0  0  0   3.36
  THR 21 3    0   GLN 31 4    1     0    0  0  0   3.8
  THR 21 3    0   ASN 24 4    1     0    0  0  0   3.58
  THR 21 3    0   THR 18 4    1     0    0  0  0   4.1
  THR 21 3    0  LYS 181 1    1     0    0  0  0   4.12
  THR 21 3    0    ILE 2 3    3     0    0  0  0   4.38
  THR 21 3    0    GLY 1 3    3     0    0  0  0   2.74
  ALA 22 3    0  ARG 114 1    1     0    0  0  0   3.5
  ALA 22 3    0   TYR 11 3    1     0    0  0  0   3.8
  ALA 22 3    0   GLU 77 1    1     0    0  0  0   2.9
  ALA 22 3    0   GLN 31 4    1     0    0  0  0   2.85
  ALA 22 3    0  ALA 116 1    1     0    0  0  0   3.45
  ALA 22 3    0  LEU 115 1    1     0    0  0  0   3.54
  ALA 22 3    0    GLY 1 3    3     0    0  0  0   2.98
  ASP 23 3    0   TYR 11 3    1     0    0  0  0   3.27
  ASP 23 3    0  ARG 114 1    1     0    0  0  0   4.83
  ASP 23 3    0   GLN 31 4    1     0    0  0  0   4.83
  ASP 23 3    0  ALA 116 1    1     0    0  0  0   3.13
  ASP 23 3    0   TYR 26 4    1     0    0  0  0   3.4
  ASP 23 3    0   GLY 12 3    1     0    0  0  0   4.66
  ASP 23 3    0  LEU 115 1    1     0    0  0  0   4.02
  ASP 23 3    0    GLY 1 3    3     0    0  0  0   2.94
  ASP 23 3    0    ILE 2 3    3     0    0  0  0   2.86
  ASP 23 3    0    ALA 6 3    2     0    0  0  0   4.5
  PRO 24 3    0   TYR 26 4    1     0    0  0  0   3.57
  PRO 24 3    0   GLN 31 4    1     0    0  0  0   3.45
  PRO 24 3    0  ALA 116 1    1     0    0  0  0   3.84
  PRO 24 3    0   PRO 19 3    1     0    0  0  0   3.52
  PRO 24 3    0   ASP 18 3    1     0    0  0  0   4.98
  PRO 24 3    0   TYR 30 4    1     0    0  0  0   3.06
  PRO 24 3    0    GLY 1 3    3     0    0  0  0   4.6
  VAL 25 3    0   VAL 15 3    1     0    0  0  0   3.51
  VAL 25 3    0  LEU 115 1    1     0    0  0  0   4.11
  VAL 25 3    0   THR 17 3    1     0    0  0  0   2.73
  VAL 25 3    0  ALA 116 1    1     0    0  0  0   3.93
  VAL 25 3    0   PRO 19 3    1     0    0  0  0   4.6
  VAL 25 3    0   ASP 18 3    1     0    0  0  0   4.95
  VAL 25 3    0  PRO 104 1    1     0    0  0  0   3.93
  VAL 25 3    0  LEU 117 1    1     0    0  0  0   3.92
  TYR 26 3    0   THR 17 3    1     0    0  0  0   4.78
  TYR 26 3    0  PRO 118 1    1     0    0  0  0   3.81
  TYR 26 3    0   TYR 30 4    1     0    0  0  0   4.72
  TYR 26 3    0  PRO 104 1    1     0    0  0  0   3.47
  TYR 26 3    0   TRP 88 1    1     0    0  0  0   3.42
  TYR 26 3    0  PRO 214 3    1     0    0  0  0   2.74
  TYR 26 3    0   PRO 90 1    1     0    0  0  0   3.47
  TYR 26 3    0  LEU 213 3    1     0    0  0  0   3.04
  TYR 26 3    0  THR 120 1    1     0    0  0  0   4.91
  TYR 26 3    0  VAL 215 3    1     0    0  0  0   4.85
  GLY 27 3    0   TYR 30 4    1     0    0  0  0   3.58
  GLY 27 3    0   GLN 29 4    1     0    0  0  0   3.67
  GLY 27 3    0   HIS 29 1    2     0    0  0  0   3.45
  GLY 27 3    0   PHE 34 1    2     0    0  0  0   4.16
  GLY 27 3    0   ASN 17 4    2     0    0  0  0   4.92
  LYS 28 3    0   TYR 30 4    1     0    0  0  0   3.9
  LYS 28 3    0   GLN 29 4    1     0    0  0  0   2.87
  LYS 28 3    0   HIS 29 1    2     0    0  0  0   3.03
  LYS 28 3    0   GLN 28 1    2     0    0  0  0   4.22
  LYS 28 3    0   PHE 34 1    2     0    0  0  0   3.52
  LYS 28 3    0   GLY 16 4    2     0    0  0  0   3.24
  LYS 28 3    0   SER 15 4    2     0    0  0  0   4.54
  VAL 29 3    0  PRO 118 1    1     0    0  0  0   3.63
  VAL 29 3    0  LEU 213 3    1     0    0  0  0   4.26
  VAL 29 3    0  TYR 119 1    1     0    0  0  0   3.63
  VAL 29 3    0  ARG 212 3    1     0    0  0  0   4.54
  VAL 29 3    0   SER 33 4    1     0    0  0  0   3.39
  VAL 29 3    0   GLN 29 4    1     0    0  0  0   4.52
  VAL 29 3    0   ASN 32 4    1     0    0  0  0   4.72
  VAL 29 3    0   MET 34 4    1     0    0  0  0   2.76
  VAL 29 3    0   HIS 29 1    2     0    0  0  0   4.54
  PHE 30 3    0  ARG 212 3    1     0    0  0  0   3.06
  PHE 30 3    0   MET 34 4    1     0    0  0  0   3.31
  PHE 30 3    0  TYR 167 3    1     0    0  0  0   4.42
  PHE 30 3    0   THR 36 4    1     0    0  0  0   3.91
  PHE 30 3    0   GLN 28 1    2     0    0  0  0   3.84
  PHE 30 3    0   ARG 26 1    2     0    0  0  0   3.75
  ASN 31 3    0   PHE 73 1    1     0    0  0  0   3.49
  ASN 31 3    0  TYR 119 1    1     0    0  0  0   3.72
  ASN 31 3    0   MET 34 4    1     0    0  0  0   2.72
  ASN 31 3    0   ASP 35 4    1     0    0  0  0   2.91
  ASN 31 3    0   SER 33 4    1     0    0  0  0   2.88
  ASN 31 3    0  ARG 212 3    1     0    0  0  0   4.56
  ASN 31 3    0  ARG 182 1    1     0    0  0  0   3.98
  ASN 31 3    0   THR 36 4    1     0    0  0  0   2.8
  PRO 32 3    0  ARG 212 3    1     0    0  0  0   4.53
  PRO 32 3    0  TYR 119 1    1     0    0  0  0   4.67
  PRO 32 3    0  ARG 124 1    1     0    0  0  0   3.71
  PRO 32 3    0  HIS 123 1    1     0    0  0  0   3.89
  PRO 32 3    0  ALA 121 1    1     0    0  0  0   4.44
  PRO 32 3    0  TYR 167 3    1     0    0  0  0   4.01
  PRO 32 3    0   THR 36 4    1     0    0  0  0   3.74
  PRO 32 3    0  ASP 166 3    1     0    0  0  0   3.58
  PRO 32 3    0  PRO 122 1    1     0    0  0  0   4.06
  PRO 33 3    0   THR 36 4    1     0    0  0  0   3.39
  PRO 33 3    0  ARG 124 1    1     0    0  0  0   3.39
  PRO 33 3    0  ASP 166 3    1     0    0  0  0   3.76
  PRO 33 3    0  ARG 167 2    1     0    0  0  0   3.59
  PRO 33 3    0   GLN 37 4    1     0    0  0  0   3.87
  PRO 33 3    0   LEU 38 4    1     0    0  0  0   3.9
  PRO 33 3    0   PRO 46 2    1     0    0  0  0   4.74
  ARG 34 3    0   PHE 73 1    1     0    0  0  0   3.43
  ARG 34 3    0  ARG 124 1    1     0    0  0  0   3.67
  ARG 34 3    0  TYR 186 1    1     0    0  0  0   4.12
  ARG 34 3    0  GLU 184 1    1     0    0  0  0   2.64
  ARG 34 3    0  VAL 125 1    1     0    0  0  0   4.2
  ARG 34 3    0   ASP 35 4    1     0    0  0  0   2.67
  ARG 34 3    0  ARG 182 1    1     0    0  0  0   3.93
  ARG 34 3    0   THR 36 4    1     0    0  0  0   4.27
  ASN 35 3    0   THR 36 4    1     0    0  0  0   4.26
  ASN 35 3    0   GLN 37 4    1     0    0  0  0   3.49
  ASN 35 3    0   LEU 38 4    1     0    0  0  0   2.84
  ASN 35 3    0   PHE 42 2    1     0    0  0  0   3.3
  ASN 35 3    0   ASP 41 2    1     0    0  0  0   4.82
  GLN 36 3    0   ASP 41 2    1     0    0  0  0   3.43
  GLN 36 3    0   PHE 42 2    1     0    0  0  0   3.7
  LEU 37 3    0  TYR 186 1    1     0    0  0  0   3.77
  LEU 37 3    0  VAL 125 1    1     0    0  0  0   3.93
  LEU 37 3    0  ARG 124 1    1     0    0  0  0   3.49
  LEU 37 3    0   ASP 41 2    1     0    0  0  0   4.3
  LEU 37 3    0   ASP 66 4    1     0    0  0  0   4.6
  PRO 38 3    0  CYS 187 1    1     0    0  0  0   4.33
  PRO 38 3    0  TYR 186 1    1     0    0  0  0   3.42
  PRO 38 3    0   TYR 36 2    1     0    0  0  0   3.5
  PRO 38 3    0  VAL 163 2    1     0    0  0  0   3.79
  PRO 38 3    0   ALA 37 2    1     0    0  0  0   3.69
  PRO 38 3    0  PRO 161 2    1     0    0  0  0   4.07
  PRO 38 3    0  PHE 162 2    1     0    0  0  0   4.09
  PRO 38 3    0   ASP 41 2    1     0    0  0  0   4.69
  GLY 39 3    0  CYS 187 1    1     0    0  0  0   2.82
  GLY 39 3    0  TYR 186 1    1     0    0  0  0   3.33
  GLY 39 3    0   TYR 36 2    1     0    0  0  0   2.92
  GLY 39 3    0   TRP 67 4    1     0    0  0  0   4.14
  GLY 39 3    0   PHE 68 4    1     0    0  0  0   3.5
  GLY 39 3    0  THR 185 1    1     0    0  0  0   4.27
  GLY 39 3    0  PRO 188 1    1     0    0  0  0   4.28
  ARG 40 3    0  CYS 187 1    1     0    0  0  0   4.72
  ARG 40 3    0  THR 185 1    1     0    0  0  0   3.54
  ARG 40 3    0  TYR 186 1    1     0    0  0  0   3.4
  ARG 40 3    0   PHE 68 4    1     0    0  0  0   3.31
  ARG 40 3    0   TRP 67 4    1     0    0  0  0   3.35
  ARG 40 3    0   ASP 66 4    1     0    0  0  0   3.91
  ARG 40 3    0   ASN 65 4    1     0    0  0  0   3.34
  ARG 40 3    0  GLU 184 1    1     0    0  0  0   3.9
  PHE 41 3    0   VAL 32 1    1     0    0  0  0   3.65
  PHE 41 3    0  THR 185 1    1     0    0  0  0   3.13
  PHE 41 3    0   ALA 68 1    1     0    0  0  0   3.87
  PHE 41 3    0  PRO 188 1    1     0    0  0  0   3.51
  PHE 41 3    0   PHE 68 4    1     0    0  0  0   3.63
  PHE 41 3    0   ASN 65 4    1     0    0  0  0   2.62
  PHE 41 3    0  TYR 186 1    1     0    0  0  0   3.89
  PHE 41 3    0  CYS 187 1    1     0    0  0  0   3.91
  PHE 41 3    0   SER 69 1    1     0    0  0  0   3.96
  THR 42 3    0   ASP 31 1    1     0    0  0  0   3.55
  THR 42 3    0   VAL 32 1    1     0    0  0  0   2.85
  THR 42 3    0   SER 33 1    1     0    0  0  0   4.94
  THR 42 3    0   THR 30 1    1     0    0  0  0   4.06
  THR 42 3    0   ASN 65 4    1     0    0  0  0   2.55
  ASN 43 3    0   ASP 31 1    1     0    0  0  0   3.43
  ASN 43 3    0   THR 30 1    1     0    0  0  0   2.72
  ASN 43 3    0   ARG 27 1    1     0    0  0  0   3.12
  ASN 43 3    0   VAL 32 1    1     0    0  0  0   4.17
  ASN 43 3    0   ASN 65 4    1     0    0  0  0   4
  LEU 44 3    0   LEU 65 1    1     0    0  0  0   4.66
  LEU 44 3    0   THR 30 1    1     0    0  0  0   2.79
  LEU 44 3    0   VAL 32 1    1     0    0  0  0   4.49
  LEU 44 3    0   ILE 35 1    1     0    0  0  0   4.05
  LEU 44 3    0   ASP 31 1    1     0    0  0  0   4.95
  LEU 45 3    0   THR 30 1    1     0    0  0  0   3.83
  LEU 45 3    0   ARG 27 1    1     0    0  0  0   3.33
  ASP 46 3    0   ASN 65 4    1     0    0  0  0   1.85
  ASP 46 3    0   ARG 27 1    1     0    0  0  0   4.54
  ASP 46 3    0   PHE 68 4    1     0    0  0  0   3.57
  ASP 46 3    0   SER 69 4    1     0    0  0  0   3.65
  ASP 46 3    0   ALA 72 4    1     0    0  0  0   3.65
  VAL 47 3    0   PHE 68 4    1     0    0  0  0   3.97
  VAL 47 3    0  PRO 188 1    1     0    0  0  0   4.26
  VAL 47 3    0  LEU 142 2    1     0    0  0  0   3.87
  GLU 49 3    0   ARG 27 1    1     0    0  0  0   2.86
  GLU 49 3    0   THR 12 1    1     0    0  0  0   4.27
  GLU 49 3    0   ALA 72 4    1     0    0  0  0   4.23
  GLU 49 3    0   PRO 10 1    1     0    0  0  0   4.68
  ALA 50 3    0   PHE 68 4    1     0    0  0  0   4.76
  ALA 50 3    0   ALA 72 4    1     0    0  0  0   3.88
  ALA 50 3    0   LEU 71 4    1     0    0  0  0   3.91
  ALA 50 3    0   PRO 10 1    1     0    0  0  0   3.74
  CYS 51 3    0  LEU 142 2    1     0    0  0  0   3.68
  CYS 51 3    0  THR 141 2    1     0    0  0  0   3.96
  CYS 51 3    0   PHE 68 4    1     0    0  0  0   4.1
  CYS 51 3    0   LEU 71 4    1     0    0  0  0   4.93
  PRO 52 3    0  THR 141 2    1     0    0  0  0   2.61
  THR 53 3    0  TYR 138 2    1     0    0  0  0   3.36
  THR 53 3    0  GLN 139 2    1     0    0  0  0   3.77
  THR 53 3    0  THR 141 2    1     0    0  0  0   3.55
  THR 53 3    0  LEU 142 2    1     0    0  0  0   4.41
  PHE 54 3    0  TYR 138 2    1     0    0  0  0   2.98
  PHE 54 3    0  GLN 139 2    1     0    0  0  0   4.78
  PHE 54 3    0  LEU 137 2    1     0    0  0  0   4.1
  PHE 54 3    0  MET 182 2    1     0    0  0  0   4.54
  PHE 54 3    0  THR 141 2    1     0    0  0  0   4.24
  PHE 54 3    0  LEU 122 2    1     0    0  0  0   4.49
  PHE 54 3    0  VAL 184 2    1     0    0  0  0   4.6
  PHE 54 3    0  PHE 147 2    1     0    0  0  0   4.28
  LEU 55 3    0  TYR 138 2    1     0    0  0  0   3.46
  ARG 56 3    0  HIS 195 1    1     0    0  0  0   3.79
  ARG 56 3    0  TYR 138 2    1     0    0  0  0   3.58
  GLY 60 3    0  TYR 138 2    1     0    0  0  0   3.09
  GLY 60 3    0   PHE 75 2    1     0    0  0  0   3.64
  VAL 61 3    0  TYR 138 2    1     0    0  0  0   3.57
  VAL 61 3    0   PHE 75 2    1     0    0  0  0   4.27
  PRO 62 3    0  TYR 138 2    1     0    0  0  0   4.26
  PRO 62 3    0   PHE 75 2    1     0    0  0  0   3.47
  PRO 62 3    0  VAL 184 2    1     0    0  0  0   4.06
  TYR 63 3    0  PRO 186 2    1     0    0  0  0   3.25
  TYR 63 3    0  VAL 184 2    1     0    0  0  0   3.41
  TYR 63 3    0  ALA 185 2    1     0    0  0  0   3.98
  TYR 63 3    0   PHE 75 2    1     0    0  0  0   4.58
  ARG 72 3    0  TYR 200 2    0     1    0  0  0   3.41
  ASP 78 3    0  ARG 200 1    1     0    0  0  0   3.18
  ASP 78 3    0  ALA 199 1    1     0    0  0  0   4.21
  SER 80 3    0  ARG 200 1    1     0    0  0  0   3.8
  ALA 82 3    0  ARG 200 1    1     0    0  0  0   3.27
  ALA 82 3    0  PRO 196 1    1     0    0  0  0   3.83
  ALA 82 3    0  ALA 199 1    1     0    0  0  0   4.28
  ALA 82 3    0  HIS 201 1    1     0    0  0  0   2.88
  ALA 83 3    0  ARG 200 1    1     0    0  0  0   4.03
  ALA 83 3    0  ALA 199 1    1     0    0  0  0   3.44
  ALA 83 3    0  PRO 196 1    1     0    0  0  0   4.3
  LYS 84 3    0  PRO 196 1    1     0    0  0  0   3.47
  LYS 84 3    0  ALA 199 1    1     0    0  0  0   2.88
  LYS 84 3    0  ARG 200 1    1     0    0  0  0   4.38
  LYS 84 3    0  GLU 198 1    1     0    0  0  0   3.74
  LYS 84 3    0  HIS 195 1    1     0    0  0  0   3.94
  LYS 84 3    0  THR 197 1    1     0    0  0  0   3.19
  HIS 85 3    0  ALA 199 1    1     0    0  0  0   4.92
  SER 87 3    0  PRO 196 1    1     0    0  0  0   3.46
  SER 87 3    0  ILE 194 1    1     0    0  0  0   3.92
  SER 87 3    0  HIS 195 1    1     0    0  0  0   3.46
  SER 87 3    0  ARG 135 2    1     0    0  0  0   3.15
  SER 87 3    0  ALA 193 1    1     0    0  0  0   3.96
  ASN 88 3    0  ARG 135 2    1     0    0  0  0   2.74
  ASN 88 3    0  TYR 138 2    1     0    0  0  0   3.33
  ASN 88 3    0  LEU 192 1    1     0    0  0  0   4.15
  ASN 88 3    0  GLN 139 2    1     0    0  0  0   2.85
  ASN 88 3    0  HIS 195 1    1     0    0  0  0   4.2
  THR 89 3    0  GLN 139 2    1     0    0  0  0   3.22
  THR 89 3    0  LEU 191 1    1     0    0  0  0   3.92
  PHE 90 3    0  LEU 191 1    1     0    0  0  0   3.84
  PHE 90 3    0  GLN 139 2    1     0    0  0  0   3.33
  PHE 90 3    0  LEU 142 2    1     0    0  0  0   3.93
  PHE 90 3    0  ARG 189 1    1     0    0  0  0   4.32
  PHE 90 3    0  PRO 190 1    1     0    0  0  0   4.82
  PHE 90 3    0   ALA 68 1    1     0    0  0  0   4.98
  ALA 92 3    0  ALA 193 1    1     0    0  0  0   3.75
  GLY 93 3    0  LEU 191 1    1     0    0  0  0   3.49
  GLY 93 3    0  LEU 192 1    1     0    0  0  0   4.1
  GLY 93 3    0  ALA 193 1    1     0    0  0  0   3.8
  LEU 94 3    0   LEU 65 1    1     0    0  0  0   4.57
  LEU 94 3    0  LEU 191 1    1     0    0  0  0   3.58
  LEU 94 3    0   THR 30 1    1     0    0  0  0   4.69
  GLN 96 3    0  ILE 194 1    1     0    0  0  0   4.01
  GLN 96 3    0  LEU 192 1    1     0    0  0  0   3
  GLN 96 3    0  ALA 193 1    1     0    0  0  0   3.44
  GLN 96 3    0  LEU 191 1    1     0    0  0  0   4.61
  TYR 97 3    0   LEU 61 1    1     0    0  0  0   3.6
  TYR 97 3    0   HIS 59 1    1     0    0  0  0   3.08
  TYR 97 3    0   SER 58 1    1     0    0  0  0   4.71
  TYR 97 3    0   THR 60 1    1     0    0  0  0   3.68
  TYR 97 3    0   GLY 64 1    1     0    0  0  0   4.43
  TYR 97 3    0  LEU 191 1    1     0    0  0  0   4.09
  TYR 97 3    0   LEU 65 1    1     0    0  0  0   4.36
  TYR 98 3    0   ILE 35 1    1     0    0  0  0   3.48
  TYR 98 3    0   HIS 29 1    1     0    0  0  0   2.67
  TYR 98 3    0   THR 30 1    1     0    0  0  0   3.46
 THR 104 3    0   VAL 15 1    1     0    0  0  0   4.19
 ASN 106 3    0   THR 13 1    1     0    0  0  0   3.11
 ASN 106 3    0   THR 12 1    1     0    0  0  0   3.74
 ASN 106 3    0   VAL 11 1    1     0    0  0  0   4.83
 HIS 108 3    0   VAL 11 1    1     0    0  0  0   3.42
 MET 110 3    0  ASN 149 2    1     0    0  0  0   4.59
 MET 110 3    0  PHE 147 2    1     0    0  0  0   3.78
 MET 110 3    0    GLU 6 1    1     0    0  0  0   4.55
 MET 110 3    0    GLY 5 1    1     0    0  0  0   3.94
 MET 110 3    0  CYS 120 2    1     0    0  0  0   3.93
 PHE 111 3    0  ARG 151 2    1     0    0  0  0   3.32
 PHE 111 3    0  ASN 149 2    1     0    0  0  0   3.22
 THR 112 3    0  CYS 120 2    1     0    0  0  0   3.57
 THR 112 3    0  ALA 185 2    1     0    0  0  0   3.65
 THR 112 3    0  ASN 149 2    1     0    0  0  0   3.49
 THR 112 3    0  GLY 119 2    1     0    0  0  0   2.97
 THR 112 3    0  ARG 151 2    1     0    0  0  0   4.5
 THR 112 3    0  GLY 118 2    1     0    0  0  0   3.35
 GLY 113 3    0  GLY 118 2    1     0    0  0  0   4.2
 GLY 113 3    0  ARG 151 2    1     0    0  0  0   2.89
 GLY 113 3    0  ASN 117 2    1     0    0  0  0   4.58
 GLY 113 3    0  ASN 149 2    1     0    0  0  0   4.93
 PRO 114 3    0  GLY 118 2    1     0    0  0  0   4.07
 PRO 114 3    0  ASN 117 2    1     0    0  0  0   3.32
 PRO 114 3    0  ARG 151 2    1     0    0  0  0   3.09
 PRO 114 3    0  PHE 116 2    1     0    0  0  0   3.4
 PRO 114 3    0  GLN 115 2    1     0    0  0  0   3.81
 PRO 114 3    0  ASN 190 2    1     0    0  0  0   3.94
 PRO 114 3    0  THR 188 2    1     0    0  0  0   4.71
 THR 115 3    0  PHE 116 2    1     0    0  0  0   3.73
 THR 115 3    0  ARG 151 2    1     0    0  0  0   4.07
 THR 115 3    0  ASN 117 2    1     0    0  0  0   4.95
 THR 115 3    0  GLN 115 2    1     0    0  0  0   2.87
 THR 115 3    0  GLN 115 2    0     1    0  0  0   3.03
 THR 115 3    0   LEU 10 2    0     1    0  0  0   3.41
 THR 115 3    0    LEU 9 2    0     1    0  0  0   2.87
 ASP 116 3    0  PHE 116 2    1     0    0  0  0   3.52
 ASP 116 3    0  GLN 115 2    1     0    0  0  0   4.95
 ASP 116 3    0  GLU 192 2    0     1    0  0  0   3.59
 ASP 116 3    0  ASN 114 2    0     1    0  0  0   2.96
 ASP 116 3    0  PHE 116 2    0     1    0  0  0   3.68
 ASP 116 3    0  GLN 115 2    0     1    0  0  0   3.47
 ALA 117 3    0  ARG 151 2    1     0    0  0  0   4.23
 ALA 117 3    0  ASN 114 2    0     1    0  0  0   4.99
 LYS 118 3    0  VAL 112 2    0     1    0  0  0   4.12
 LYS 118 3    0  GLY 113 2    0     1    0  0  0   3.52
 LYS 118 3    0  ASN 114 2    0     1    0  0  0   3.81
 LYS 118 3    0  MET 154 2    0     1    0  0  0   3.43
 LYS 118 3    0  GLN 115 2    0     1    0  0  0   3.54
 ALA 119 3    0  VAL 112 2    0     1    0  0  0   4.42
 ARG 120 3    0   SER 24 2    0     1    0  0  0   3.49
 ARG 120 3    0  GLU 108 2    0     1    0  0  0   4.23
 ARG 120 3    0  THR 110 2    0     1    0  0  0   3.76
 ARG 120 3    0   THR 25 2    0     1    0  0  0   3
 ARG 120 3    0   THR 26 2    0     1    0  0  0   3.58
 ARG 120 3    0  THR 155 2    0     1    0  0  0   4.4
 ARG 120 3    0  VAL 112 2    0     1    0  0  0   4.46
 MET 122 3    0   LYS 63 2    0     1    0  0  0   3.66
 PRO 136 3    0   LYS 63 2    0     1    0  0  0   3.87
 GLU 137 3    0   LYS 63 2    0     1    0  0  0   3.63
 GLU 137 3    0   THR 64 2    0     1    0  0  0   4.85
 GLU 137 3    0   HIS 65 2    0     1    0  0  0   4.63
 GLU 137 3    0  TYR 200 2    0     1    0  0  0   4.82
 ALA 140 3    0   PHE 62 2    0     1    0  0  0   3.87
 ALA 140 3    0   LYS 63 2    0     1    0  0  0   3.94
 ALA 140 3    0   PHE 61 2    0     1    0  0  0   3.57
 ALA 140 3    0   ARG 60 2    0     1    0  0  0   2.8
 ALA 140 3    0   THR 22 2    0     1    0  0  0   4.12
 HIS 141 3    0   LYS 88 2    0     1    0  0  0   4.46
 HIS 141 3    0   GLY 89 2    0     1    0  0  0   3.74
 HIS 141 3    0   HIS 87 2    0     1    0  0  0   3.68
 HIS 141 3    0   PHE 62 2    0     1    0  0  0   4.38
 HIS 141 3    0   ARG 60 2    0     1    0  0  0   3.26
 CYS 142 3    0   ARG 60 2    0     1    0  0  0   3.18
 CYS 142 3    0   THR 22 2    0     1    0  0  0   3.99
 CYS 142 3    0   HIS 21 2    0     1    0  0  0   4.6
 ILE 143 3    0   TYR 18 1    1     0    0  0  0   3.71
 ILE 143 3    0   ARG 60 2    0     1    0  0  0   3.83
 ILE 143 3    0   HIS 21 2    0     1    0  0  0   3.64
 HIS 144 3    0   LYS 63 2    0     1    0  0  0   3.35
 HIS 144 3    0   THR 22 2    0     1    0  0  0   3.27
 HIS 144 3    0   PHE 61 2    0     1    0  0  0   3.78
 HIS 144 3    0   ARG 60 2    0     1    0  0  0   4.39
 HIS 144 3    0   THR 23 2    0     1    0  0  0   3.28
 HIS 144 3    0  ASN 202 2    0     1    0  0  0   4.96
 HIS 144 3    0   HIS 21 2    0     1    0  0  0   3.48
 ALA 145 3    0   THR 23 2    0     1    0  0  0   3.3
 GLU 146 3    0   LYS 63 2    0     1    0  0  0   2.6
 GLU 146 3    0   THR 23 2    0     1    0  0  0   3.05
 GLU 146 3    0   SER 24 2    0     1    0  0  0   3.45
 GLU 146 3    0  ASN 202 2    0     1    0  0  0   4.12
 GLU 146 3    0  GLU 108 2    0     1    0  0  0   4.21
 GLU 146 3    0   THR 25 2    0     1    0  0  0   3.02
 TRP 147 3    0   THR 25 2    0     1    0  0  0   3.39
 ASP 148 3    0  MET 154 2    0     1    0  0  0   3.47
 ASP 148 3    0   THR 25 2    0     1    0  0  0   3.55
 ASP 148 3    0   THR 26 2    0     1    0  0  0   2.36
 ASP 148 3    0   GLN 27 2    0     1    0  0  0   2.86
 ASP 148 3    0   SER 28 2    0     1    0  0  0   4.56
 ASP 148 3    0  THR 155 2    0     1    0  0  0   4.25
 THR 149 3    0  ARG 151 2    1     0    0  0  0   4.55
 THR 149 3    0  MET 154 2    0     1    0  0  0   4.33
 THR 149 3    0   GLN 27 2    0     1    0  0  0   3.69
 GLY 150 3    0  ARG 151 2    1     0    0  0  0   3.12
 GLY 150 3    0   GLN 27 2    0     1    0  0  0   3.45
 GLY 150 3    0   LEU 10 2    0     1    0  0  0   3.98
 GLY 150 3    0   GLU 11 2    0     1    0  0  0   4.86
 LEU 151 3    0  THR 152 2    1     0    0  0  0   4.77
 LEU 151 3    0   GLU 11 2    1     0    0  0  0   3.83
 LEU 151 3    0   GLN 27 2    0     1    0  0  0   3.26
 LEU 151 3    0   LEU 10 2    0     1    0  0  0   3.82
 LEU 151 3    0   GLU 11 2    0     1    0  0  0   3.94
 LEU 151 3    0   ASP 12 2    0     1    0  0  0   4.63
 ASN 152 3    0    SER 3 1    1     0    0  0  0   3.09
 ASN 152 3    0    ALA 4 1    1     0    0  0  0   4.12
 ASN 152 3    0    THR 2 1    1     0    0  0  0   3.15
 ASN 152 3    0   PHE 80 4    1     0    0  0  0   3.26
 ASN 152 3    0   GLN 27 2    0     1    0  0  0   2.82
 ASN 152 3    0   ILE 14 2    0     1    0  0  0   4.19
 SER 153 3    0  ASN 149 2    1     0    0  0  0   4.16
 SER 153 3    0  ARG 151 2    1     0    0  0  0   4.65
 SER 153 3    0    GLU 6 1    1     0    0  0  0   2.84
 SER 153 3    0  THR 152 2    1     0    0  0  0   4.56
 SER 153 3    0    GLY 5 1    1     0    0  0  0   3.11
 SER 153 3    0    SER 3 1    1     0    0  0  0   3.39
 SER 153 3    0    ALA 4 1    1     0    0  0  0   4.14
 LYS 154 3    0   VAL 11 1    1     0    0  0  0   4.34
 LYS 154 3    0    ASP 9 1    1     0    0  0  0   4.74
 LYS 154 3    0    SER 3 1    1     0    0  0  0   3.04
 LYS 154 3    0    GLY 5 1    1     0    0  0  0   3.47
 LYS 154 3    0    THR 1 1    1     0    0  0  0   3.9
 LYS 154 3    0    THR 2 1    1     0    0  0  0   3.03
 LYS 154 3    0    ALA 4 1    1     0    0  0  0   4.41
 PHE 155 3    0    THR 1 1    1     0    0  0  0   3.36
 PHE 155 3    0    THR 2 1    1     0    0  0  0   3.95
 PHE 155 3    0   THR 25 2    0     1    0  0  0   4.37
 THR 156 3    0   THR 13 1    1     0    0  0  0   3.26
 THR 156 3    0   VAL 11 1    1     0    0  0  0   3.89
 THR 156 3    0    THR 1 1    1     0    0  0  0   3.15
 PHE 157 3    0   TYR 18 1    1     0    0  0  0   3.79
 PHE 157 3    0   THR 13 1    1     0    0  0  0   3.97
 SER 158 3    0   THR 13 1    1     0    0  0  0   3.16
 SER 158 3    0   VAL 15 1    1     0    0  0  0   3.77
 SER 158 3    0   TYR 18 1    1     0    0  0  0   2.67
 SER 158 3    0   THR 14 1    1     0    0  0  0   3.3
 ILE 159 3    0   VAL 15 1    1     0    0  0  0   4.85
 ILE 159 3    0   TYR 18 1    1     0    0  0  0   4.19
 PRO 160 3    0   VAL 15 1    1     0    0  0  0   4.01
 PRO 160 3    0   TYR 18 1    1     0    0  0  0   3.23
 ASP 166 3    0   PRO 32 3    4     0    0  0  0   3.58
 ASP 166 3    0   PRO 33 3    4     0    0  0  0   3.76
 TYR 167 3    0   PRO 32 3    4     0    0  0  0   4.01
 TYR 167 3    0   PHE 30 3    4     0    0  0  0   4.42
 TYR 169 3    0  ILE 205 1    1     0    0  0  0   4.56
 ALA 171 3    0  GLN 203 1    1     0    0  0  0   3.79
 ALA 171 3    0  ILE 205 1    1     0    0  0  0   3.89
 SER 172 3    0  GLN 203 1    1     0    0  0  0   2.73
 SER 172 3    0  ILE 205 1    1     0    0  0  0   3.85
 SER 172 3    0  LYS 202 1    1     0    0  0  0   3.22
 SER 172 3    0  HIS 201 1    1     0    0  0  0   3.48
 SER 172 3    0  ARG 200 1    1     0    0  0  0   2.77
 ASP 173 3    0  ILE 205 1    1     0    0  0  0   2.81
 ASP 173 3    0  LYS 204 1    1     0    0  0  0   3.95
 ASP 173 3    0  GLN 203 1    1     0    0  0  0   3.05
 ASP 173 3    0  LYS 202 1    1     0    0  0  0   3.7
 ASP 173 3    0  ARG 200 1    1     0    0  0  0   4.55
 VAL 174 3    0  LYS 204 1    1     0    0  0  0   4.21
 VAL 174 3    0  GLN 203 1    1     0    0  0  0   2.82
 VAL 174 3    0  LYS 202 1    1     0    0  0  0   3.83
 GLU 176 3    0  ARG 200 1    1     0    0  0  0   3.01
 GLU 176 3    0  LYS 202 1    1     0    0  0  0   3.74
 THR 177 3    0  ARG 200 1    1     0    0  0  0   3.17
 THR 178 3    0  ARG 200 1    1     0    0  0  0   3.82
 ASN 179 3    0  ARG 200 1    1     0    0  0  0   3.54
 ILE 189 3    0  TYR 200 2    0     1    0  0  0   3.49
 ILE 189 3    0   LYS 63 2    0     1    0  0  0   4.71
 THR 190 3    0  TYR 200 2    0     1    0  0  0   3.6
 THR 190 3    0  LYS 198 2    0     1    0  0  0   3.6
 THR 190 3    0  VAL 112 2    0     1    0  0  0   3.98
 THR 190 3    0  THR 110 2    0     1    0  0  0   4.84
 HIS 191 3    0  VAL 112 2    0     1    0  0  0   3.67
 GLY 192 3    0  VAL 112 2    0     1    0  0  0   3.58
 GLY 192 3    0  GLY 113 2    0     1    0  0  0   3.39
 GLY 192 3    0  ALA 194 2    0     1    0  0  0   3.83
 GLY 192 3    0  ASN 114 2    0     1    0  0  0   4.57
 LYS 193 3    0  ALA 194 2    0     1    0  0  0   3.99
 LYS 193 3    0  ASN 114 2    0     1    0  0  0   3.7
 LYS 193 3    0  GLU 192 2    0     1    0  0  0   3.13
 LYS 193 3    0  GLY 193 2    0     1    0  0  0   4.26
 LYS 193 3    0  PRO 195 2    0     1    0  0  0   4.76
 GLY 196 3    0  THR 188 2    1     0    0  0  0   4.93
 ASP 197 3    0  THR 188 2    1     0    0  0  0   4.37
 ASP 197 3    0  ASN 190 2    1     0    0  0  0   4.84
 ALA 198 3    0  ALA 185 2    1     0    0  0  0   4.14
 VAL 200 3    0  VAL 184 2    1     0    0  0  0   4.23
 VAL 200 3    0  ALA 185 2    1     0    0  0  0   4.67
 LEU 202 3    0  THR 141 2    1     0    0  0  0   4.72
 SER 204 3    0   VAL 11 1    1     0    0  0  0   4.87
 ALA 205 3    0   THR 12 1    1     0    0  0  0   4.46
 GLY 206 3    0   ARG 27 1    1     0    0  0  0   3.04
 GLY 206 3    0   THR 12 1    1     0    0  0  0   4.29
 LYS 207 3    0   ARG 27 1    1     0    0  0  0   3.22
 LYS 207 3    0   GLN 25 1    1     0    0  0  0   3.37
 LYS 207 3    0   THR 22 1    1     0    0  0  0   4
 LYS 207 3    0   THR 12 1    1     0    0  0  0   3.54
 LYS 207 3    0   THR 14 1    1     0    0  0  0   4.15
 LYS 207 3    0   SER 77 4    1     0    0  0  0   3.65
 LYS 207 3    0   ALA 72 4    1     0    0  0  0   4.4
 ASP 208 3    0   GLN 25 1    1     0    0  0  0   3.42
 ASP 208 3    0   GLN 23 1    1     0    0  0  0   2.84
 ASP 208 3    0   THR 22 1    1     0    0  0  0   3.56
 ASP 208 3    0   ARG 27 1    1     0    0  0  0   4.15
 ASP 208 3    0   ILE 24 1    1     0    0  0  0   4.66
 ASP 208 3    0   GLU 21 1    1     0    0  0  0   4.55
 PHE 209 3    0   ARG 27 1    1     0    0  0  0   2.87
 PHE 209 3    0   GLN 25 1    1     0    0  0  0   3.91
 GLU 210 3    0   ARG 26 1    1     0    0  0  0   2.98
 GLU 210 3    0   GLN 25 1    1     0    0  0  0   3.33
 GLU 210 3    0   ILE 24 1    1     0    0  0  0   4.11
 GLU 210 3    0   ARG 27 1    1     0    0  0  0   4.85
 LEU 211 3    0   HIS 29 1    1     0    0  0  0   4.01
 LEU 211 3    0   THR 30 1    1     0    0  0  0   4.01
 LEU 211 3    0   ARG 26 1    1     0    0  0  0   4.77
 ARG 212 3    0   PRO 32 3    4     0    0  0  0   4.53
 ARG 212 3    0   PHE 30 3    4     0    0  0  0   3.06
 ARG 212 3    0   ASN 31 3    4     0    0  0  0   4.56
 ARG 212 3    0   VAL 29 3    4     0    0  0  0   4.54
 ARG 212 3    0   HIS 29 1    1     0    0  0  0   3.49
 LEU 213 3    0   TYR 26 3    4     0    0  0  0   3.04
 LEU 213 3    0   VAL 29 3    4     0    0  0  0   4.26
 LEU 213 3    0   HIS 29 1    1     0    0  0  0   3
 PRO 214 3    0   TYR 26 3    4     0    0  0  0   2.74
 PRO 214 3    0   ILE 35 1    1     0    0  0  0   3.62
 PRO 214 3    0   LEU 61 1    1     0    0  0  0   4.52
 PRO 214 3    0   ARG 38 1    1     0    0  0  0   4.34
 PRO 214 3    0   HIS 29 1    1     0    0  0  0   3.55
 PRO 214 3    0   PHE 34 1    1     0    0  0  0   4.49
 VAL 215 3    0   TYR 26 3    4     0    0  0  0   4.85
 VAL 215 3    0   LEU 61 1    1     0    0  0  0   3.67
 ASP 216 3    0   LEU 61 1    1     0    0  0  0   3.27
 ASP 216 3    0   THR 60 1    1     0    0  0  0   3.78
 ASP 216 3    0   HIS 59 1    1     0    0  0  0   4.26
 ALA 217 3    0  GLN 203 1    1     0    0  0  0   4.96
 ARG 218 3    0   HIS 59 1    1     0    0  0  0   3.62
 ARG 218 3    0  ILE 194 1    1     0    0  0  0   4.34
 ALA 219 3    0   HIS 59 1    1     0    0  0  0   3.27
 ALA 219 3    0  ILE 194 1    1     0    0  0  0   3.73
 GLU 220 3    0   HIS 59 1    1     0    0  0  0   3.44
 GLU 220 3    0  LEU 192 1    1     0    0  0  0   3.02
 GLU 220 3    0   SER 58 1    1     0    0  0  0   3.03
 GLU 220 3    0  ILE 194 1    1     0    0  0  0   3.18
 GLU 220 3    0  ALA 193 1    1     0    0  0  0   3.3
 GLU 220 3    0  ARG 135 2    1     0    0  0  0   3.66
 GLU 220 3    0  HIS 195 1    1     0    0  0  0   4.77
  SER 15 4    0   LYS 28 3    3     0    0  0  0   4.54
  GLY 16 4    0   TYR 30 4    4     0    0  0  0   3.68
  GLY 16 4    0   LYS 28 3    3     0    0  0  0   3.24
  ASN 17 4    0   THR 17 3    4     0    0  0  0   3.13
  ASN 17 4    0   TYR 30 4    4     0    0  0  0   3.01
  ASN 17 4    0   ASP 18 3    4     0    0  0  0   3.9
  ASN 17 4    0   PRO 19 3    4     0    0  0  0   3.76
  ASN 17 4    0   LYS 20 3    4     0    0  0  0   4.85
  ASN 17 4    0   GLY 27 3    3     0    0  0  0   4.92
  THR 18 4    0   PRO 19 3    4     0    0  0  0   3.43
  THR 18 4    0   TYR 30 4    4     0    0  0  0   3.16
  THR 18 4    0   LYS 20 3    4     0    0  0  0   4.62
  THR 18 4    0   THR 21 3    4     0    0  0  0   4.1
  THR 18 4    0   MET 27 4    4     0    0  0  0   4.47
  GLY 19 4    0   PRO 19 3    4     0    0  0  0   3.05
  GLY 19 4    0   TYR 30 4    4     0    0  0  0   3.71
  GLY 19 4    0   MET 27 4    4     0    0  0  0   2.79
  GLY 19 4    0   TYR 25 4    4     0    0  0  0   4.01
  GLY 19 4    0   TYR 26 4    4     0    0  0  0   3.16
  SER 20 4    0   PRO 19 3    4     0    0  0  0   3.7
  SER 20 4    0   MET 27 4    4     0    0  0  0   3.82
  SER 20 4    0   TYR 25 4    4     0    0  0  0   3.33
  SER 20 4    0   TYR 26 4    4     0    0  0  0   4.44
  SER 20 4    0   LYS 20 3    4     0    0  0  0   4.63
  ILE 21 4    0   MET 27 4    4     0    0  0  0   3.63
  ILE 21 4    0   TYR 25 4    4     0    0  0  0   2.78
  ILE 21 4    0   TYR 26 4    4     0    0  0  0   3.87
  ILE 21 4    0   ASN 24 4    4     0    0  0  0   3.2
  ILE 21 4    0   ASN 23 4    4     0    0  0  0   3.3
  ILE 22 4    0   TYR 25 4    4     0    0  0  0   3.4
  ILE 22 4    0    PHE 3 3    1     0    0  0  0   4.51
  ASN 23 4    0   ILE 21 4    1     0    0  0  0   3.3
  ASN 24 4    0   THR 21 3    4     0    0  0  0   3.58
  ASN 24 4    0   ILE 21 4    1     0    0  0  0   3.2
  ASN 24 4    0    GLY 1 3    2     0    0  0  0   3.16
  TYR 25 4    0   ILE 22 4    1     0    0  0  0   3.4
  TYR 25 4    0   SER 20 4    1     0    0  0  0   3.33
  TYR 25 4    0   ILE 21 4    1     0    0  0  0   2.78
  TYR 25 4    0   GLY 19 4    1     0    0  0  0   4.01
  TYR 25 4    0    ILE 2 3    3     0    0  0  0   4.95
  TYR 25 4    0    ILE 2 3    2     0    0  0  0   4.2
  TYR 25 4    0    PRO 4 3    2     0    0  0  0   3.59
  TYR 25 4    0    GLY 1 3    2     0    0  0  0   4.74
  TYR 25 4    0    PHE 3 3    2     0    0  0  0   3.56
  TYR 26 4    0   PRO 24 3    4     0    0  0  0   3.57
  TYR 26 4    0   ASP 23 3    4     0    0  0  0   3.4
  TYR 26 4    0   SER 20 4    1     0    0  0  0   4.44
  TYR 26 4    0   ILE 21 4    1     0    0  0  0   3.87
  TYR 26 4    0   GLY 19 4    1     0    0  0  0   3.16
  TYR 26 4    0    ILE 2 3    2     0    0  0  0   3.87
  TYR 26 4    0    GLY 1 3    2     0    0  0  0   3.92
  TYR 26 4    0    PRO 4 3    2     0    0  0  0   4.13
  MET 27 4    0   SER 20 4    1     0    0  0  0   3.82
  MET 27 4    0   ILE 21 4    1     0    0  0  0   3.63
  MET 27 4    0   GLY 19 4    1     0    0  0  0   2.79
  MET 27 4    0   THR 18 4    1     0    0  0  0   4.47
  GLN 29 4    0   GLY 27 3    4     0    0  0  0   3.67
  GLN 29 4    0   LYS 28 3    4     0    0  0  0   2.87
  GLN 29 4    0   VAL 29 3    4     0    0  0  0   4.52
  TYR 30 4    0   GLY 27 3    4     0    0  0  0   3.58
  TYR 30 4    0   LYS 28 3    4     0    0  0  0   3.9
  TYR 30 4    0   PRO 24 3    4     0    0  0  0   3.06
  TYR 30 4    0   TYR 26 3    4     0    0  0  0   4.72
  TYR 30 4    0   GLY 19 4    1     0    0  0  0   3.71
  TYR 30 4    0   THR 18 4    1     0    0  0  0   3.16
  TYR 30 4    0   ASN 17 4    1     0    0  0  0   3.01
  TYR 30 4    0   PHE 34 1    1     0    0  0  0   3.89
  TYR 30 4    0   GLY 16 4    1     0    0  0  0   3.68
  GLN 31 4    0   THR 21 3    4     0    0  0  0   3.8
  GLN 31 4    0   ALA 22 3    4     0    0  0  0   2.85
  GLN 31 4    0   PRO 24 3    4     0    0  0  0   3.45
  GLN 31 4    0   ASP 23 3    4     0    0  0  0   4.83
  GLN 31 4    0    GLY 1 3    2     0    0  0  0   2.94
  ASN 32 4    0   VAL 29 3    4     0    0  0  0   4.72
  SER 33 4    0   ASN 31 3    4     0    0  0  0   2.88
  SER 33 4    0   VAL 29 3    4     0    0  0  0   3.39
  MET 34 4    0   ASN 31 3    4     0    0  0  0   2.72
  MET 34 4    0   PHE 30 3    4     0    0  0  0   3.31
  MET 34 4    0   VAL 29 3    4     0    0  0  0   2.76
  ASP 35 4    0   ASN 31 3    4     0    0  0  0   2.91
  ASP 35 4    0   ARG 34 3    4     0    0  0  0   2.67
  THR 36 4    0   ASN 31 3    4     0    0  0  0   2.8
  THR 36 4    0   PRO 33 3    4     0    0  0  0   3.39
  THR 36 4    0   PRO 32 3    4     0    0  0  0   3.74
  THR 36 4    0   PHE 30 3    4     0    0  0  0   3.91
  THR 36 4    0   ARG 34 3    4     0    0  0  0   4.27
  THR 36 4    0   ASN 35 3    4     0    0  0  0   4.26
  THR 36 4    0   ARG 26 1    1     0    0  0  0   3.76
  GLN 37 4    0   PRO 33 3    4     0    0  0  0   3.87
  GLN 37 4    0   ASN 35 3    4     0    0  0  0   3.49
  LEU 38 4    0   PRO 33 3    4     0    0  0  0   3.9
  LEU 38 4    0   ASN 35 3    4     0    0  0  0   2.84
  ASN 65 4    0   THR 42 3    4     0    0  0  0   2.55
  ASN 65 4    0   ASN 43 3    4     0    0  0  0   4
  ASN 65 4    0   PHE 41 3    4     0    0  0  0   2.62
  ASN 65 4    0   ASP 46 3    4     0    0  0  0   1.85
  ASN 65 4    0   ARG 40 3    4     0    0  0  0   3.34
  ASP 66 4    0   ARG 40 3    4     0    0  0  0   3.91
  ASP 66 4    0   LEU 37 3    4     0    0  0  0   4.6
  TRP 67 4    0   ARG 40 3    4     0    0  0  0   3.35
  TRP 67 4    0   GLY 39 3    4     0    0  0  0   4.14
  PHE 68 4    0   VAL 47 3    4     0    0  0  0   3.97
  PHE 68 4    0   ASP 46 3    4     0    0  0  0   3.57
  PHE 68 4    0   ARG 40 3    4     0    0  0  0   3.31
  PHE 68 4    0   PHE 41 3    4     0    0  0  0   3.63
  PHE 68 4    0   CYS 51 3    4     0    0  0  0   4.1
  PHE 68 4    0   ALA 50 3    4     0    0  0  0   4.76
  PHE 68 4    0   GLY 39 3    4     0    0  0  0   3.5
  SER 69 4    0   ASP 46 3    4     0    0  0  0   3.65
  LEU 71 4    0   ALA 50 3    4     0    0  0  0   3.91
  LEU 71 4    0   CYS 51 3    4     0    0  0  0   4.93
  ALA 72 4    0   GLU 49 3    4     0    0  0  0   4.23
  ALA 72 4    0   ALA 50 3    4     0    0  0  0   3.88
  ALA 72 4    0   ASP 46 3    4     0    0  0  0   3.65
  ALA 72 4    0  LYS 207 3    4     0    0  0  0   4.4
  SER 77 4    0  LYS 207 3    4     0    0  0  0   3.65
  LEU 79 4    0   THR 16 2    3     8    0  0  0   4.28
  PHE 80 4    0  ASN 152 3    4     0    0  0  0   3.26
  PHE 80 4    0   ILE 14 2    3     8    0  0  0   4.17
  GLY 81 4    0   ILE 14 2    3     8    0  0  0   2.99
  GLY 81 4    0   THR 16 2    3     8    0  0  0   4.62
  GLY 81 4    0   LEU 15 2    3     8    0  0  0   4.5
  ALA 82 4    0   LEU 15 2    3     8    0  0  0   3.24
  ALA 82 4    0   THR 16 2    3     8    0  0  0   2.77
  ALA 82 4    0   ILE 14 2    3     8    0  0  0   2.91
  LEU 83 4    0   LEU 15 2    3     8    0  0  0   4.21
  LEU 83 4    0   THR 16 2    3     8    0  0  0   3.42
  LEU 83 4    0   ARG 18 2    3     8    0  0  0   4.17
  LEU 84 4    0   ARG 18 2    3     8    0  0  0   2.88
  LEU 84 4    0   THR 17 2    3     8    0  0  0   3.19
  LEU 84 4    0   THR 16 2    3     8    0  0  0   2.82
  LEU 84 4    0   LEU 15 2    3     8    0  0  0   3.66
  LEU 84 4    0   TYR 34 2    3     8    0  0  0   3.71
  LEU 84 4    0   VAL 32 2    3     8    0  0  0   3.88
  LEU 84 4    0  HIS 157 2    3     8    0  0  0   3.84
  ALA 85 4    0   ARG 18 2    3     8    0  0  0   3.44
  ALA 85 4    0   ASN 19 2    3     8    0  0  0   4.97
Residue buried areas, 411 residues
  residue    ncs   buried
   THR 1 1    0     0
   THR 2 1    0     1.36
   SER 3 1    0     1.25
   ALA 4 1    0     0
   GLY 5 1    0     2.71
   GLU 6 1    0     0.582
   ASP 9 1    0     0
  PRO 10 1    0     0
  VAL 11 1    0     0
  THR 12 1    0     1.29
  THR 13 1    0     0.795
  THR 14 1    0     0.0723
  VAL 15 1    0     0
  ASN 17 1    0     0
  TYR 18 1    0     1.51
  GLY 19 1    0     0
  GLY 20 1    0     2.72
  GLU 21 1    0     1.38
  THR 22 1    0     0
  GLN 23 1    0     1.48
  ILE 24 1    0     0
  GLN 25 1    0     1.99
  ARG 26 1    0     0.382
  ARG 27 1    0     4.86
  GLN 28 1    0     0
  HIS 29 1    0     5.21
  THR 30 1    0     3.58
  ASP 31 1    0     0
  VAL 32 1    0     1.02
  SER 33 1    0     0
  PHE 34 1    0     0.699
  ILE 35 1    0     0.855
  ARG 38 1    0     1.66
  PHE 39 1    0     1.67
  VAL 40 1    0     0
  LYS 41 1    0     1.06
  ILE 50 1    0     0.389
  ASP 52 1    0     0.066
  SER 58 1    0     0
  HIS 59 1    0     3.17
  THR 60 1    0     0
  LEU 61 1    0     0.311
  VAL 62 1    0     0
  GLY 64 1    0     0
  LEU 65 1    0     0
  ALA 68 1    0     0
  SER 69 1    0     0
  PHE 73 1    0     0
  GLU 77 1    0     2.51
  ALA 79 1    0     0
  LYS 81 1    0     0
  ASP 85 1    0     0
  TRP 88 1    0     0
  VAL 89 1    0     0
  PRO 90 1    0     0
  ASN 91 1    0     0
  GLY 92 1    0     0
  ALA 93 1    0     1.33
  PRO 94 1    0     0
  GLU 95 1    0     1.08
  LYS 96 1    0     0
  LEU 98 1    0     0
 THR 101 1    0     1.06
 THR 102 1    0     2.34
 PRO 104 1    0     0.983
 TYR 107 1    0     1.33
 HIS 108 1    0     0
 LYS 109 1    0     0
 LEU 112 1    0     0
 ARG 114 1    0     4.46
 LEU 115 1    0     0
 ALA 116 1    0     0.381
 LEU 117 1    0     0
 PRO 118 1    0     0.751
 TYR 119 1    0     0
 THR 120 1    0     0
 ALA 121 1    0     0
 PRO 122 1    0     0
 HIS 123 1    0     0
 ARG 124 1    0     0.346
 VAL 125 1    0     0
 LEU 159 1    0     0
 PRO 160 1    0     0
 THR 161 1    0     6.22
 SER 162 1    0     0
 PHE 163 1    0     0
 ASN 164 1    0     0
 GLY 166 1    0     0
 ALA 167 1    0     0.259
 GLU 175 1    0     1.34
 LEU 177 1    0     0
 ARG 179 1    0     1.17
 LYS 181 1    0     0
 ARG 182 1    0     0
 GLU 184 1    0     3.73
 THR 185 1    0     0.228
 TYR 186 1    0     3.38
 CYS 187 1    0     1.16
 PRO 188 1    0     1.24
 ARG 189 1    0     0
 PRO 190 1    0     0
 LEU 191 1    0     0.434
 LEU 192 1    0     0.282
 ALA 193 1    0     0.414
 ILE 194 1    0     2.12
 HIS 195 1    0     0
 PRO 196 1    0     2.57
 THR 197 1    0     0
 GLU 198 1    0     0
 ALA 199 1    0     0.845
 ARG 200 1    0     2.13
 HIS 201 1    0     0.85
 LYS 202 1    0     0.409
 GLN 203 1    0     3.99
 LYS 204 1    0     1.09
 ILE 205 1    0     4.82
 VAL 206 1    0     1.57
 ALA 207 1    0     2.56
 PRO 208 1    0     4.15
   LEU 9 2    0     13.3
  LEU 10 2    0     0
  GLU 11 2    0     0
  ASP 12 2    0     0
  ILE 14 2    0     6.39
  LEU 15 2    0     0.937
  THR 16 2    0     2.53
  THR 17 2    0     0.539
  ARG 18 2    0     0.868
  ASN 19 2    0     0
  GLY 20 2    0     0
  HIS 21 2    0     3.39
  THR 22 2    0     2.81
  THR 23 2    0     0.243
  SER 24 2    0     0
  THR 25 2    0     0.477
  THR 26 2    0     6.98
  GLN 27 2    0     2.11
  SER 28 2    0     0
  VAL 32 2    0     0
  TYR 34 2    0     0
  TYR 36 2    0     0.669
  ALA 37 2    0     0.407
  ASP 41 2    0     0
  PHE 42 2    0     0.509
  GLY 45 2    0     0
  PRO 46 2    0     0
  SER 49 2    0     1.43
  GLY 50 2    0     0
  LEU 51 2    0     2.69
  THR 53 2    0     1.66
  ARG 54 2    0     0
  VAL 55 2    0     0
  GLN 57 2    0     1.69
  ARG 60 2    0     3.37
  PHE 61 2    0     0
  PHE 62 2    0     0
  LYS 63 2    0     2.97
  THR 64 2    0     0
  HIS 65 2    0     0
  ASP 68 2    2     0
  VAL 70 2    2     3.2
  THR 71 2    2     0
  SER 72 2    2     6.58
  PHE 75 2    0     0.996
  HIS 87 2    0     0
  LYS 88 2    0     4.1
  GLY 89 2    0     0
  VAL 90 2    0     0
  SER 97 2    0     0
  TYR 98 2    0     0
 GLU 108 2    0     0
 THR 110 2    0     0
 VAL 112 2    0     0
 GLY 113 2    0     0.455
 ASN 114 2    0     0
 GLN 115 2    0     3.46
 PHE 116 2    0     0
 ASN 117 2    0     0
 GLY 118 2    0     0
 GLY 119 2    0     0.451
 CYS 120 2    0     0
 LEU 122 2    0     0
 ARG 135 2    0     2.95
 LEU 137 2    0     0
 TYR 138 2    0     2.45
 GLN 139 2    0     1.57
 THR 141 2    0     1.22
 LEU 142 2    0     0.484
 PHE 147 2    0     0
 ASN 149 2    0     0.163
 ARG 151 2    0     1.6
 THR 152 2    0     0
 MET 154 2    0     1.27
 THR 155 2    0     0
 HIS 157 2    0     0
 PRO 161 2    0     0
 PHE 162 2    0     0
 VAL 163 2    0     0
 ARG 167 2    0     0
 MET 182 2    0     0
 VAL 184 2    0     0
 ALA 185 2    0     0.659
 PRO 186 2    0     0.448
 THR 188 2    0     0
 VAL 189 2    2     0
 ASN 190 2    0     0
 ASN 190 2    2     0
 THR 191 2    0     0
 THR 191 2    2     1.55
 GLU 192 2    0     0
 GLU 192 2    2     0
 GLY 193 2    0     0
 ALA 194 2    0     0
 PRO 195 2    0     0
 PRO 195 2    2     0
 GLN 196 2    2     3.59
 LYS 198 2    0     1.15
 TYR 200 2    0     0.223
 ASN 202 2    0     0
 GLU 213 2    0     5.42
 SER 216 2    0     0.492
 GLU 218 2    0     3.7
   GLY 1 3    0     7.24
   ILE 2 3    0     2.76
   PHE 3 3    0     0.644
   PRO 4 3    0     0.0883
   VAL 5 3    0     1.49
   ALA 6 3    0     2.05
   CYS 7 3    0     6.01
   SER 8 3    0     1.77
   ASP 9 3    0     1.49
  TYR 11 3    0     2.76
  GLY 12 3    0     1.52
  GLY 13 3    0     0
  LEU 14 3    0     0
  VAL 15 3    0     1.45
  THR 16 3    0     0.997
  THR 17 3    0     3.64
  ASP 18 3    0     3.96
  PRO 19 3    0     0.851
  LYS 20 3    0     0
  THR 21 3    0     2.36
  ALA 22 3    0     5.79
  ASP 23 3    0     3.62
  PRO 24 3    0     1.99
  VAL 25 3    0     5.27
  TYR 26 3    0     2.73
  GLY 27 3    0     0.317
  LYS 28 3    0     2.35
  VAL 29 3    0     2.36
  PHE 30 3    0     1.01
  ASN 31 3    0     4.4
  PRO 32 3    0     0.305
  PRO 33 3    0     0
  ARG 34 3    0     7.45
  ASN 35 3    0     1.56
  GLN 36 3    0     0
  LEU 37 3    0     0.0406
  PRO 38 3    0     0.407
  GLY 39 3    0     1.83
  ARG 40 3    0     3.37
  PHE 41 3    0     4.81
  THR 42 3    0     10.2
  ASN 43 3    0     2.25
  LEU 44 3    0     1.28
  LEU 45 3    0     2.34
  ASP 46 3    0     7.28
  VAL 47 3    0     0
  GLU 49 3    0     0.976
  ALA 50 3    0     0
  CYS 51 3    0     0.484
  PRO 52 3    0     1.23
  THR 53 3    0     0
  PHE 54 3    0     0.39
  LEU 55 3    0     0
  ARG 56 3    0     0
  GLY 60 3    0     0
  VAL 61 3    0     0
  PRO 62 3    0     0.993
  TYR 63 3    0     0.451
  ARG 72 3    0     0
  ASP 78 3    0     0
  SER 80 3    0     0
  ALA 82 3    0     0.996
  ALA 83 3    0     0
  LYS 84 3    0     1.66
  HIS 85 3    0     0
  SER 87 3    0     1.75
  ASN 88 3    0     6.52
  THR 89 3    0     0.144
  PHE 90 3    0     0
  ALA 92 3    0     0
  GLY 93 3    0     0
  LEU 94 3    0     0.434
  GLN 96 3    0     0.697
  TYR 97 3    0     0.219
  TYR 98 3    0     0.963
 THR 104 3    0     0
 ASN 106 3    0     0
 HIS 108 3    0     0
 MET 110 3    0     0
 PHE 111 3    0     0.413
 THR 112 3    0     1.27
 GLY 113 3    0     1.2
 PRO 114 3    0     0
 THR 115 3    0     4.7
 ASP 116 3    0     0.276
 ALA 117 3    0     0
 LYS 118 3    0     1.27
 ALA 119 3    0     0
 ARG 120 3    0     0.308
 MET 122 3    0     0
 PRO 136 3    0     0
 GLU 137 3    0     0
 ALA 140 3    0     1.23
 HIS 141 3    0     0.253
 CYS 142 3    0     0
 ILE 143 3    0     0
 HIS 144 3    0     3.68
 ALA 145 3    0     0.197
 GLU 146 3    0     2.44
 TRP 147 3    0     0
 ASP 148 3    0     8.03
 THR 149 3    0     0
 GLY 150 3    0     0
 LEU 151 3    0     0
 ASN 152 3    0     2.16
 SER 153 3    0     0.585
 LYS 154 3    0     4.3
 PHE 155 3    0     0
 THR 156 3    0     0.793
 PHE 157 3    0     0
 SER 158 3    0     1.01
 ILE 159 3    0     0
 PRO 160 3    0     0.564
 ASP 166 3    0     0
 TYR 167 3    0     0
 TYR 169 3    0     0
 ALA 171 3    0     0
 SER 172 3    0     3.79
 ASP 173 3    0     6.25
 VAL 174 3    0     1.13
 GLU 176 3    0     0.237
 THR 177 3    0     0
 THR 178 3    0     0
 ASN 179 3    0     0
 ILE 189 3    0     0
 THR 190 3    0     1.37
 HIS 191 3    0     0
 GLY 192 3    0     0.455
 LYS 193 3    0     0
 GLY 196 3    0     0
 ASP 197 3    0     0
 ALA 198 3    0     0
 VAL 200 3    0     0
 LEU 202 3    0     0
 SER 204 3    0     0
 ALA 205 3    0     0
 GLY 206 3    0     0.099
 LYS 207 3    0     1.29
 ASP 208 3    0     3.48
 PHE 209 3    0     1.5
 GLU 210 3    0     0.384
 LEU 211 3    0     0
 ARG 212 3    0     0.864
 LEU 213 3    0     2.95
 PRO 214 3    0     2.29
 VAL 215 3    0     0
 ASP 216 3    0     0.0922
 ALA 217 3    0     0
 ARG 218 3    0     0
 ALA 219 3    0     0.267
 GLU 220 3    0     5.06
  SER 15 4    0     0
  GLY 16 4    0     0
  ASN 17 4    0     1.53
  THR 18 4    0     0
  GLY 19 4    0     2.84
  SER 20 4    0     0.251
  ILE 21 4    0     3.81
  ILE 22 4    0     1.38
  ASN 23 4    0     1.22
  ASN 24 4    0     1.14
  TYR 25 4    0     3.07
  TYR 26 4    0     1.09
  MET 27 4    0     2.03
  GLN 29 4    0     0.898
  TYR 30 4    0     3.06
  GLN 31 4    0     2.18
  ASN 32 4    0     0
  SER 33 4    0     1.83
  MET 34 4    0     4.08
  ASP 35 4    0     3.96
  THR 36 4    0     0.383
  GLN 37 4    0     0
  LEU 38 4    0     1.04
  ASN 65 4    0     20.8
  ASP 66 4    0     0
  TRP 67 4    0     0
  PHE 68 4    0     0.0336
  SER 69 4    0     0
  LEU 71 4    0     0
  ALA 72 4    0     0
  SER 77 4    0     0
  LEU 79 4    0     0
  PHE 80 4    0     0
  GLY 81 4    0     5.63
  ALA 82 4    0     2.42
  LEU 83 4    0     0
  LEU 84 4    0     3.18
  ALA 85 4    0     0
