24 pairs of asymmetric units of 1bmv #1 contact at distance 5.0 A
  Atoms  MTRIX  SMTRY   Unit cell  MTRIXref  Copies
   359     4      0      0  0  0      0         6
   337     1      0      0  0  0      0        24
   158    16      0      0  0  0      0        23
   144     9      0      0  0  0      0        23
   131    17      0      0  0  0      0        23
    42     4      2      0 -1  0      8         1
    40     8      2      0  0  0      4         1
    34    15      3      1 -1 -1     14         1
    32    14      3      1 -1  0     15         1
    21    29      1      0  1  0     29         1
    18     5      2      0 -1  0     18         1
    11     8      2      0  0  0      5         1
     9    18      2      0  0  0      5         1
     9    15      2      1  0  0      2         1
     7    13      3      1 -1  0     19         1
     7     2      3      1  0 -1     11         1
     6    27      2      0 -1  0      8         1
     5     5      2      0 -1  0      8         1
     4     4      2      0 -1  0     18         1
     4    11      3      1  0  0      2         1
     3     2      2      1 -1  0     15         1
     3    18      2      0  0  0      4         1
     2     8      2      0  0  0     27         1
     2    19      3      1 -1 -1     13         1
Residue contacts, 283 residues
  residue1  ncs1  residue2  ncs2  sym2    cell2  distance
SER 1003 1    0 GLU 1124 1    4     0    0  0  0   4.05
SER 1003 1    0 CYS 1126 1    4     0    0  0  0   4.28
GLN 1004 1    0 GLU 1124 1    4     0    0  0  0   3.22
GLN 1004 1    0 CYS 1126 1    4     0    0  0  0   3.33
GLN 1004 1    0 TRP 1145 1    4     0    0  0  0   4.04
GLN 1004 1    0 VAL 1125 1    4     0    0  0  0   4.65
GLN 1005 1    0 PRO 1122 1    4     0    0  0  0   3.87
GLN 1005 1    0 GLU 1124 1    4     0    0  0  0   3.08
GLN 1005 1    0 CYS 1069 1    4     0    0  0  0   4.33
THR 1006 1    0 CYS 1107 1    4     0    0  0  0   3.88
THR 1006 1    0 ALA 1106 1    4     0    0  0  0   4.05
THR 1006 1    0 LEU 1095 1    4     0    0  0  0   4.38
THR 1006 1    0 PRO 1122 1    4     0    0  0  0   2.5
THR 1006 1    0 TRP 1109 1    4     0    0  0  0   4.31
THR 1006 1    0 PHE 1121 1    4     0    0  0  0   4.73
THR 1006 1    0 ILE 1123 1    4     0    0  0  0   4.6
VAL 1007 1    0 ALA 1106 1    4     0    0  0  0   4.22
TRP 1008 1    0 CYS 1107 1    4     0    0  0  0   3.43
TRP 1008 1    0 ALA 1106 1    4     0    0  0  0   2.82
TRP 1008 1    0 ASP 1105 1    4     0    0  0  0   3.75
ASN 1009 1    0 ALA 1106 1    4     0    0  0  0   4.3
ASN 1009 1    0 ASP 1105 1    4     0    0  0  0   4.33
GLN 1010 1    0 ARG 1108 1    4     0    0  0  0   2.65
GLN 1010 1    0 ASP 1105 1    4     0    0  0  0   3.59
GLN 1010 1    0 PHE 1104 1    4     0    0  0  0   3.42
LEU 1018 1   29 ASN 1019 1   29     1    0  1  0   4.1
LEU 1018 1   29 LEU 1018 1   29     1    0  1  0   4.77
ASN 1019 1   29 LEU 1018 1   29     1    0  1  0   4.1
ASN 1019 1   18 LYS 1043 1    5     2    0 -1  0   4.57
PHE 1020 1   29 LYS 1155 1   29     1    0  1  0   4.76
ASP 1021 1   29 LYS 1155 1   29     1    0  1  0   2.56
SER 1023 1   19 LYS 1043 1   13     3    1 -1  0   4.78
LYS 1024 1   18 LYS 1043 1    5     2    0 -1  0   4.51
LYS 1024 1   19 LYS 1043 1   13     3    1 -1  0   3.95
GLN 1025 1   19 LYS 1043 1   13     3    1 -1  0   4.87
LYS 1043 1   18 LYS 1043 1    5     2    0 -1  0   3.54
LYS 1043 1   18 GLY 1045 1    5     2    0 -1  0   4.84
LYS 1043 1   18 ASP 1046 1    5     2    0 -1  0   4.15
LYS 1043 1    5 LYS 1043 1   18     2    0  0  0   3.54
LYS 1043 1    5 THR 1044 1   18     2    0  0  0   2.86
LYS 1043 1    5 GLY 1045 1   18     2    0  0  0   3.33
LYS 1043 1    5 LYS 1024 1   18     2    0  0  0   4.51
LYS 1043 1    5 ASP 1046 1   18     2    0  0  0   4.85
LYS 1043 1    5 ASN 1019 1   18     2    0  0  0   4.57
LYS 1043 1   13 SER 1023 1   19     3    1 -1 -1   4.78
LYS 1043 1   13 LYS 1024 1   19     3    1 -1 -1   3.95
LYS 1043 1   13 GLN 1025 1   19     3    1 -1 -1   4.87
THR 1044 1   18 LYS 1043 1    5     2    0 -1  0   2.86
GLY 1045 1   18 LYS 1043 1    5     2    0 -1  0   3.33
GLY 1045 1    5 LYS 1043 1   18     2    0  0  0   4.84
ASP 1046 1   18 LYS 1043 1    5     2    0 -1  0   4.85
ASP 1046 1    5 LYS 1043 1   18     2    0  0  0   4.15
GLN 1052 1    0 PHE 1104 1    4     0    0  0  0   4.33
ASN 1053 1    0 PHE 1104 1    4     0    0  0  0   3.4
SER 1054 1    0 PHE 1104 1    4     0    0  0  0   4.65
CYS 1069 1    0 GLN 1005 1    1     0    0  0  0   4.33
LYS 1073 1    0 ARG 1108 1    4     0    0  0  0   3.49
LYS 1073 1    0 TRP 1109 1    4     0    0  0  0   4.19
LYS 1073 1    0 CYS 1107 1    4     0    0  0  0   4.47
VAL 1075 1    0 THR 1110 1    4     0    0  0  0   3.5
VAL 1075 1    0 ARG 1108 1    4     0    0  0  0   4.01
MET 1076 1    0 THR 1110 1    4     0    0  0  0   4.37
SER 1077 1    0 THR 1110 1    4     0    0  0  0   3.35
SER 1077 1    0 GLN 1092 1    4     0    0  0  0   3.4
GLY 1078 1    0 LEU 1090 1    4     0    0  0  0   3.17
ALA 1080 1    0 ALA 1088 1    4     0    0  0  0   2.91
ALA 1080 1    0 SER 1089 1    4     0    0  0  0   4.13
ALA 1080 1    0 LEU 1090 1    4     0    0  0  0   3.72
ALA 1080 1    0 ASP 1152 1    4     0    0  0  0   4.5
ALA 1081 1    0 ALA 1088 1    4     0    0  0  0   4.05
VAL 1082 1    0 TRP 1087 1    4     0    0  0  0   3.99
VAL 1082 1    0 ALA 1088 1    4     0    0  0  0   4.79
LYS 1083 1    0 SER 1085 1    4     0    0  0  0   3.97
LYS 1083 1    0 TRP 1087 1    4     0    0  0  0   4
LYS 1083 1    0 ASP 1086 1    4     0    0  0  0   3.31
ARG 1084 1    0 SER 1085 1    4     0    0  0  0   3.91
ARG 1084 1    0 TRP 1087 1    4     0    0  0  0   3.67
ARG 1084 1    0 ARG 1084 1    4     0    0  0  0   3.4
ARG 1084 1    0 PRO 1114 1    4     0    0  0  0   3.78
ARG 1084 1    0 SER 1112 1    4     0    0  0  0   4.84
ARG 1084 1    0 ARG 1084 1    1     0    0  0  0   3.4
SER 1085 1    0 SER 1085 1    4     0    0  0  0   2.84
SER 1085 1    0 LYS 1083 1    1     0    0  0  0   3.97
SER 1085 1    0 ARG 1084 1    1     0    0  0  0   3.91
SER 1085 1    0 SER 1085 1    1     0    0  0  0   2.84
ASP 1086 1    0 LYS 1083 1    1     0    0  0  0   3.31
TRP 1087 1    0 LYS 1083 1    1     0    0  0  0   4
TRP 1087 1    0 VAL 1082 1    1     0    0  0  0   3.99
TRP 1087 1    0 ARG 1084 1    1     0    0  0  0   3.67
TRP 1087 1    0 HIS 1115 1    1     0    0  0  0   3.61
ALA 1088 1    0 ALA 1080 1    1     0    0  0  0   2.91
ALA 1088 1    0 ALA 1081 1    1     0    0  0  0   4.05
ALA 1088 1    0 VAL 1082 1    1     0    0  0  0   4.79
ALA 1088 1    0 HIS 1115 1    1     0    0  0  0   4.66
SER 1089 1    0 ALA 1080 1    1     0    0  0  0   4.13
SER 1089 1    0 HIS 1115 1    1     0    0  0  0   4.57
LEU 1090 1    0 ALA 1080 1    1     0    0  0  0   3.72
LEU 1090 1    0 HIS 1115 1    1     0    0  0  0   4.84
LEU 1090 1    0 GLY 1078 1    1     0    0  0  0   3.17
GLN 1092 1    0 SER 1077 1    1     0    0  0  0   3.4
LEU 1095 1    0 THR 1006 1    1     0    0  0  0   4.38
ASN 1097 1    0 PRO 2179 2    1     0    0  0  0   3.54
ASN 1097 1    0 ARG 2058 2    1     0    0  0  0   3.74
SER 1098 1    0 ARG 2131 2    1     0    0  0  0   3.3
SER 1100 1    0 ARG 2131 2    1     0    0  0  0   4.19
GLU 1102 1    0 SER 2182 2    1     0    0  0  0   2.93
GLU 1102 1    0 ILE 2181 2    1     0    0  0  0   3.61
GLU 1102 1    0 GLY 2180 2    1     0    0  0  0   4.71
GLU 1102 1    0 ARG 2131 2    1     0    0  0  0   4.34
GLU 1102 1    0 PRO 2132 2    1     0    0  0  0   4.23
HIS 1103 1    0 ILE 2181 2    1     0    0  0  0   3.78
HIS 1103 1    0 GLY 2180 2    1     0    0  0  0   3.8
HIS 1103 1    0 ARG 2131 2    1     0    0  0  0   3.29
PHE 1104 1    0 GLN 1010 1    1     0    0  0  0   3.42
PHE 1104 1    0 GLN 1052 1    1     0    0  0  0   4.33
PHE 1104 1    0 SER 2182 2    1     0    0  0  0   3.55
PHE 1104 1    0 ASN 1053 1    1     0    0  0  0   3.4
PHE 1104 1    0 GLY 2180 2    1     0    0  0  0   2.9
PHE 1104 1    0 ILE 2181 2    1     0    0  0  0   3.46
PHE 1104 1    0 PRO 2179 2    1     0    0  0  0   3.49
PHE 1104 1    0 SER 1054 1    1     0    0  0  0   4.65
ASP 1105 1    0 GLN 1010 1    1     0    0  0  0   3.59
ASP 1105 1    0 TRP 1008 1    1     0    0  0  0   3.75
ASP 1105 1    0 PRO 2179 2    1     0    0  0  0   4.22
ASP 1105 1    0 ASN 1009 1    1     0    0  0  0   4.33
ALA 1106 1    0 LEU 1163 1    1     0    0  0  0   4.99
ALA 1106 1    0 THR 1006 1    1     0    0  0  0   4.05
ALA 1106 1    0 TRP 1008 1    1     0    0  0  0   2.82
ALA 1106 1    0 ASN 1009 1    1     0    0  0  0   4.3
ALA 1106 1    0 VAL 1007 1    1     0    0  0  0   4.22
ALA 1106 1    0 PRO 2179 2    1     0    0  0  0   4.23
CYS 1107 1    0 LYS 1073 1    1     0    0  0  0   4.47
CYS 1107 1    0 THR 1006 1    1     0    0  0  0   3.88
CYS 1107 1    0 TRP 1008 1    1     0    0  0  0   3.43
ARG 1108 1    0 GLN 1010 1    1     0    0  0  0   2.65
ARG 1108 1    0 ASP 1161 1    1     0    0  0  0   3.86
ARG 1108 1    0 LEU 1163 1    1     0    0  0  0   4.18
ARG 1108 1    0 VAL 1075 1    1     0    0  0  0   4.01
ARG 1108 1    0 LYS 1073 1    1     0    0  0  0   3.49
TRP 1109 1    0 LYS 1073 1    1     0    0  0  0   4.19
TRP 1109 1    0 GLU 1118 1    1     0    0  0  0   3.8
TRP 1109 1    0 THR 1006 1    1     0    0  0  0   4.31
THR 1110 1    0 SER 1077 1    1     0    0  0  0   3.35
THR 1110 1    0 MET 1076 1    1     0    0  0  0   4.37
THR 1110 1    0 SER 1116 1    1     0    0  0  0   2.99
THR 1110 1    0 VAL 1075 1    1     0    0  0  0   3.5
LYS 1111 1    0 SER 1116 1    1     0    0  0  0   3.94
SER 1112 1    0 HIS 1115 1    1     0    0  0  0   3.62
SER 1112 1    0 ARG 1084 1    1     0    0  0  0   4.84
SER 1112 1    0 PRO 1114 1    1     0    0  0  0   3.72
SER 1112 1    0 SER 1116 1    1     0    0  0  0   2.54
PRO 1114 1    0 SER 1112 1    4     0    0  0  0   3.72
PRO 1114 1    0 ARG 1084 1    1     0    0  0  0   3.78
HIS 1115 1    0 TRP 1087 1    4     0    0  0  0   3.61
HIS 1115 1    0 SER 1112 1    4     0    0  0  0   3.62
HIS 1115 1    0 SER 1089 1    4     0    0  0  0   4.57
HIS 1115 1    0 ALA 1088 1    4     0    0  0  0   4.66
HIS 1115 1    0 LEU 1090 1    4     0    0  0  0   4.84
SER 1116 1    0 SER 1112 1    4     0    0  0  0   2.54
SER 1116 1    0 THR 1110 1    4     0    0  0  0   2.99
SER 1116 1    0 LYS 1111 1    4     0    0  0  0   3.94
GLU 1118 1    0 TRP 1109 1    4     0    0  0  0   3.8
PHE 1121 1    0 THR 1006 1    1     0    0  0  0   4.73
PRO 1122 1    0 THR 1006 1    1     0    0  0  0   2.5
PRO 1122 1    0 GLN 1005 1    1     0    0  0  0   3.87
ILE 1123 1    0 THR 1006 1    1     0    0  0  0   4.6
GLU 1124 1    0 GLN 1005 1    1     0    0  0  0   3.08
GLU 1124 1    0 GLN 1004 1    1     0    0  0  0   3.22
GLU 1124 1    0 SER 1003 1    1     0    0  0  0   4.05
VAL 1125 1    0 GLN 1004 1    1     0    0  0  0   4.65
CYS 1126 1    0 GLN 1004 1    1     0    0  0  0   3.33
CYS 1126 1    0 TYR 2059 2    1     0    0  0  0   3.36
CYS 1126 1    0 GLY 2176 2    1     0    0  0  0   4.36
CYS 1126 1    0 TYR 2175 2    1     0    0  0  0   4.78
CYS 1126 1    0 SER 1003 1    1     0    0  0  0   4.28
GLY 1127 1    0 TYR 2059 2    1     0    0  0  0   3.73
GLY 1127 1    0 TYR 2175 2    1     0    0  0  0   3.8
PRO 1128 1    0 TYR 2059 2    1     0    0  0  0   3.26
PRO 1128 1    0 ALA 2125 2    1     0    0  0  0   2.92
PRO 1128 1    0 TRP 2126 2    1     0    0  0  0   4.63
PRO 1128 1    0 THR 2124 2    1     0    0  0  0   2.8
PRO 1128 1    0 TYR 2175 2    1     0    0  0  0   4.55
ASN 1129 1    0 THR 2124 2    1     0    0  0  0   2.81
ASN 1129 1    0 LEU 2123 2    1     0    0  0  0   4.41
ASN 1129 1    0 TYR 2175 2    1     0    0  0  0   4.74
ASN 1130 1    0 TYR 2175 2    1     0    0  0  0   3.2
GLY 1131 1    0 TYR 2175 2    1     0    0  0  0   3.98
GLU 1133 1    0 TYR 2059 2    1     0    0  0  0   2.49
GLU 1138 1    0 ALA 2138 2    1     0    0  0  0   3.96
GLU 1138 1    0 LEU 2137 2    1     0    0  0  0   3.83
GLU 1138 1    0 GLY 2140 2    1     0    0  0  0   3.01
GLU 1138 1    0 ASP 2139 2    1     0    0  0  0   4.63
TRP 1139 1    0 GLY 2140 2    1     0    0  0  0   2.12
TRP 1139 1    0 CYS 2141 2    1     0    0  0  0   4.12
TRP 1139 1    0 PHE 2086 2    1     0    0  0  0   3.87
TRP 1139 1    0 THR 2124 2    1     0    0  0  0   3.06
TRP 1139 1    0 LEU 2123 2    1     0    0  0  0   3.94
TRP 1139 1    0 ALA 2125 2    1     0    0  0  0   4.82
ALA 1140 1    0 ARG 2058 2    1     0    0  0  0   4.05
ALA 1140 1    0 TYR 2059 2    1     0    0  0  0   3.64
ALA 1140 1    0 SER 2127 2    1     0    0  0  0   2.61
ALA 1140 1    0 CYS 2141 2    1     0    0  0  0   4.05
ALA 1140 1    0 GLY 2140 2    1     0    0  0  0   3.84
ALA 1140 1    0 ALA 2125 2    1     0    0  0  0   3.54
ALA 1140 1    0 TRP 2126 2    1     0    0  0  0   3.9
ASN 1141 1    0 ALA 2138 2    1     0    0  0  0   2.63
ASN 1141 1    0 SER 2127 2    1     0    0  0  0   3.45
ASN 1141 1    0 CYS 2141 2    1     0    0  0  0   4.19
ASN 1141 1    0 VAL 2130 2    1     0    0  0  0   2.93
ASN 1141 1    0 GLY 2140 2    1     0    0  0  0   3.1
ASN 1141 1    0 THR 2134 2    1     0    0  0  0   3.75
ASN 1141 1    0 ASP 2139 2    1     0    0  0  0   3.09
ASN 1141 1    0 ARG 2058 2    1     0    0  0  0   3.37
ASN 1141 1    0 TYR 2059 2    1     0    0  0  0   4.93
GLN 1142 1    0 ARG 2058 2    1     0    0  0  0   4.5
GLN 1142 1    0 TYR 2059 2    1     0    0  0  0   3.43
GLN 1142 1    0 SER 2127 2    1     0    0  0  0   4.86
THR 1143 1    0 ARG 2058 2    1     0    0  0  0   3.68
THR 1143 1    0 TYR 2059 2    1     0    0  0  0   3.96
TRP 1145 1    0 PRO 2179 2    1     0    0  0  0   4.91
TRP 1145 1    0 GLN 1004 1    1     0    0  0  0   4.04
ASP 1152 1    0 ALA 1080 1    1     0    0  0  0   4.5
LYS 1155 1   29 ASP 1021 1   29     1    0  1  0   2.56
LYS 1155 1   29 PHE 1020 1   29     1    0  1  0   4.76
ASP 1161 1    0 ARG 1108 1    4     0    0  0  0   3.86
LEU 1163 1    0 ARG 1108 1    4     0    0  0  0   4.18
LEU 1163 1    0 ALA 1106 1    4     0    0  0  0   4.99
GLN 2022 2    0 GLN 3162 2    9     0    0  0  0   2.9
GLN 2022 2    0 MET 3161 2    9     0    0  0  0   2.98
GLY 2023 2    0 GLN 3162 2    9     0    0  0  0   4.57
GLY 2023 2    0 ASP 3163 2    9     0    0  0  0   4.01
THR 2024 2    0 GLN 3165 2    9     0    0  0  0   3.33
THR 2024 2    0 ASP 3163 2    9     0    0  0  0   4.45
SER 2025 2    4 ARG 3099 2    8     2    0  0  0   4.87
ARG 2026 2    0 LYS 3029 2    9     0    0  0  0   3.59
ARG 2026 2    0 GLN 3027 2    9     0    0  0  0   4.53
LYS 2042 2   14 LYS 2042 2   15     3    1 -1 -1   2.78
LYS 2042 2   15 LYS 2042 2   14     3    1 -1  0   2.78
LYS 2042 2   11 LEU 3042 2    2     3    1  0 -1   4.7
ARG 2058 2    0 ASN 1097 1    4     0    0  0  0   3.74
ARG 2058 2    0 THR 1143 1    4     0    0  0  0   3.68
ARG 2058 2    0 ASN 1141 1    4     0    0  0  0   3.37
ARG 2058 2    0 GLN 1142 1    4     0    0  0  0   4.5
ARG 2058 2    0 ALA 1140 1    4     0    0  0  0   4.05
TYR 2059 2    0 CYS 1126 1    4     0    0  0  0   3.36
TYR 2059 2    0 GLU 1133 1    4     0    0  0  0   2.49
TYR 2059 2    0 GLY 1127 1    4     0    0  0  0   3.73
TYR 2059 2    0 PRO 1128 1    4     0    0  0  0   3.26
TYR 2059 2    0 GLN 1142 1    4     0    0  0  0   3.43
TYR 2059 2    0 ALA 1140 1    4     0    0  0  0   3.64
TYR 2059 2    0 THR 1143 1    4     0    0  0  0   3.96
TYR 2059 2    0 ASN 1141 1    4     0    0  0  0   4.93
TYR 2075 2    0 PRO 3081 2    9     0    0  0  0   3.5
TYR 2075 2    0 ASN 3083 2    9     0    0  0  0   3.21
TYR 2075 2    0 TYR 2075 2    9     0    0  0  0   2.64
TYR 2075 2    0 TYR 2075 2   17     0    0  0  0   2.64
LYS 2077 2    0 GLY 3079 2    9     0    0  0  0   4.37
LYS 2077 2    0 PRO 3081 2    9     0    0  0  0   4.23
LYS 2077 2    0 ILE 3080 2    9     0    0  0  0   4.15
LYS 2077 2    0 GLU 3082 2    9     0    0  0  0   4.62
THR 2079 2    0 THR 3077 2    9     0    0  0  0   3.51
THR 2079 2    0 GLY 3079 2    9     0    0  0  0   4.83
ILE 2084 2    0 HIS 3066 2    4     0    0  0  0   2.78
ALA 2085 2    0 HIS 3066 2    4     0    0  0  0   4.52
PHE 2086 2    0 TRP 1139 1    4     0    0  0  0   3.87
PHE 2086 2    0 ARG 3143 2    4     0    0  0  0   3.83
PHE 2086 2    0 GLU 3139 2    4     0    0  0  0   4.49
ASN 2088 2    0 ARG 3143 2    4     0    0  0  0   2.73
ASN 2088 2    0 GLU 3139 2    4     0    0  0  0   2.76
LEU 2089 2    0 ARG 3064 2    4     0    0  0  0   3.57
ASP 2091 2   18 LYS 3034 2    5     2    0 -1  0   4.71
ASP 2092 2   18 GLN 3162 2    5     2    0 -1  0   4.86
THR 2093 2    0 ARG 3064 2    4     0    0  0  0   3.16
ILE 2094 2    0 GLN 3027 2    9     0    0  0  0   4.17
ILE 2094 2    0 PHE 3056 2    9     0    0  0  0   3.41
ILE 2094 2    0 GLY 3054 2    9     0    0  0  0   4.33
ILE 2094 2    0 GLU 3053 2    9     0    0  0  0   4.75
ASN 2095 2    0 ARG 3064 2    4     0    0  0  0   2.49
ASN 2095 2    0 VAL 3060 2    4     0    0  0  0   4.71
ASN 2095 2    0 PHE 3056 2    9     0    0  0  0   4.13
ASN 2095 2    0 ASN 3055 2    9     0    0  0  0   2.29
PHE 2096 2    0 ARG 3064 2    4     0    0  0  0   4.68
PHE 2096 2    0 PHE 3056 2    9     0    0  0  0   4.7
GLU 2097 2    0 GLN 3027 2    9     0    0  0  0   2.97
GLU 2097 2    0 LYS 3024 2    9     0    0  0  0   3.34
GLU 2097 2    0 ASP 3169 2    9     0    0  0  0   3.88
GLU 2097 2    0 PHE 3056 2    9     0    0  0  0   3.54
GLU 2097 2    0 LEU 3021 2    9     0    0  0  0   4.76
ALA 2098 2    0 ARG 3064 2    4     0    0  0  0   3.11
ALA 2098 2    0 LEU 3021 2    9     0    0  0  0   4.22
ALA 2098 2    0 PHE 3056 2    9     0    0  0  0   3.06
ALA 2098 2    0 LYS 3024 2    9     0    0  0  0   4.84
ALA 2098 2    0 ARG 3057 2    9     0    0  0  0   3.29
ALA 2098 2    0 ASN 3055 2    9     0    0  0  0   4.57
PHE 2099 2    0 HIS 3066 2    4     0    0  0  0   3.38
PHE 2099 2    0 ARG 3064 2    4     0    0  0  0   3.7
PHE 2099 2    0 GLN 3063 2    4     0    0  0  0   4.25
PHE 2099 2    0 THR 3065 2    4     0    0  0  0   4.19
PHE 2099 2    0 LEU 3010 2    4     0    0  0  0   3.84
PHE 2099 2    0 LEU 3021 2    9     0    0  0  0   3.58
PHE 2099 2    0 ARG 3057 2    9     0    0  0  0   4.81
PRO 2100 2    0 VAL 3013 2    4     0    0  0  0   4.74
PRO 2100 2    0 HIS 3066 2    4     0    0  0  0   4.58
PRO 2100 2    0 ASP 3012 2    4     0    0  0  0   4.11
PRO 2100 2    0 ARG 3064 2    4     0    0  0  0   4.78
PRO 2100 2    0 ASP 3011 2    4     0    0  0  0   4.04
PRO 2100 2    0 LEU 3010 2    4     0    0  0  0   3.42
PRO 2100 2    0 LEU 3021 2    9     0    0  0  0   4.18
PRO 2100 2    0 ARG 3057 2    9     0    0  0  0   4.33
HIS 2101 2    0 ASP 3011 2    4     0    0  0  0   3.75
HIS 2101 2    0 LEU 3010 2    4     0    0  0  0   2.9
HIS 2101 2    0 LEU 3021 2    9     0    0  0  0   4.09
HIS 2101 2    0 LYS 3024 2    9     0    0  0  0   4.35
LYS 2102 2    0 ASP 3011 2    4     0    0  0  0   3.98
LEU 2103 2    0 PHE 3006 2    4     0    0  0  0   4.08
LEU 2103 2    0 LEU 3005 2    4     0    0  0  0   3.77
LEU 2103 2    0 LEU 3010 2    4     0    0  0  0   3.02
LEU 2103 2    0 LEU 3008 2    4     0    0  0  0   4.98
LEU 2103 2    0 ASP 3169 2    9     0    0  0  0   4.76
VAL 2104 2    0 PHE 3006 2    4     0    0  0  0   3.94
GLN 2105 2    0 PHE 3006 2    4     0    0  0  0   4.81
GLN 2105 2    0 LEU 3005 2    4     0    0  0  0   2.52
GLN 2105 2    0 THR 3003 2    4     0    0  0  0   4.93
GLN 2105 2    0 LYS 3121 2    9     0    0  0  0   2.34
GLN 2105 2    0 ALA 3122 2    9     0    0  0  0   4.07
GLN 2105 2    0 THR 3077 2    9     0    0  0  0   4.48
PHE 2106 2    0 LYS 3121 2    9     0    0  0  0   4.43
GLU 2108 2    0 GLU 3082 2    9     0    0  0  0   3.2
GLU 2111 2    0 MET 3001 2   16     0    0  0  0   3.95
LYS 2112 2    0 MET 3001 2   16     0    0  0  0   4.24
VAL 2113 2    0 PHE 3006 2    4     0    0  0  0   3
VAL 2114 2    0 PHE 3006 2    4     0    0  0  0   4.28
LEU 2115 2    0 PHE 3006 2    4     0    0  0  0   3.62
GLU 2120 2    0 ARG 3067 2    4     0    0  0  0   3.93
GLU 2120 2    0 VAL 3013 2    4     0    0  0  0   3.06
GLU 2120 2    0 HIS 3066 2    4     0    0  0  0   4.96
GLU 2121 2    0 VAL 3013 2    4     0    0  0  0   2.95
GLU 2121 2    0 HIS 3066 2    4     0    0  0  0   2.96
PHE 2122 2    0 ARG 3067 2    4     0    0  0  0   3.72
PHE 2122 2    0 HIS 3066 2    4     0    0  0  0   4.66
LEU 2123 2    0 ARG 3067 2    4     0    0  0  0   3.66
LEU 2123 2    0 TRP 1139 1    4     0    0  0  0   3.94
LEU 2123 2    0 HIS 3066 2    4     0    0  0  0   3.75
LEU 2123 2    0 SER 3137 2    4     0    0  0  0   3.61
LEU 2123 2    0 ALA 3135 2    4     0    0  0  0   3.6
LEU 2123 2    0 TRP 3136 2    4     0    0  0  0   3.28
LEU 2123 2    0 ASN 1129 1    4     0    0  0  0   4.41
LEU 2123 2    0 PHE 3140 2    4     0    0  0  0   3.92
LEU 2123 2    0 ASN 3130 2    4     0    0  0  0   4.35
THR 2124 2    0 PRO 1128 1    4     0    0  0  0   2.8
THR 2124 2    0 TRP 1139 1    4     0    0  0  0   3.06
THR 2124 2    0 ASN 1129 1    4     0    0  0  0   2.81
THR 2124 2    0 PHE 3140 2    4     0    0  0  0   4.78
THR 2124 2    0 ASN 3130 2    4     0    0  0  0   4.5
ALA 2125 2    0 ALA 1140 1    4     0    0  0  0   3.54
ALA 2125 2    0 PRO 1128 1    4     0    0  0  0   2.92
ALA 2125 2    0 TRP 1139 1    4     0    0  0  0   4.82
TRP 2126 2    0 ALA 1140 1    4     0    0  0  0   3.9
TRP 2126 2    0 PRO 1128 1    4     0    0  0  0   4.63
SER 2127 2    0 ALA 1140 1    4     0    0  0  0   2.61
SER 2127 2    0 ASN 1141 1    4     0    0  0  0   3.45
SER 2127 2    0 GLN 1142 1    4     0    0  0  0   4.86
VAL 2130 2    0 ASN 1141 1    4     0    0  0  0   2.93
ARG 2131 2    0 HIS 1103 1    4     0    0  0  0   3.29
ARG 2131 2    0 GLU 1102 1    4     0    0  0  0   4.34
ARG 2131 2    0 SER 1100 1    4     0    0  0  0   4.19
ARG 2131 2    0 SER 1098 1    4     0    0  0  0   3.3
PRO 2132 2    0 GLU 1102 1    4     0    0  0  0   4.23
THR 2134 2    0 ASN 1141 1    4     0    0  0  0   3.75
LEU 2137 2    0 GLU 1138 1    4     0    0  0  0   3.83
LEU 2137 2    0 ARG 3143 2    4     0    0  0  0   3.02
ALA 2138 2    0 GLU 1138 1    4     0    0  0  0   3.96
ALA 2138 2    0 ARG 3143 2    4     0    0  0  0   4
ALA 2138 2    0 ASN 1141 1    4     0    0  0  0   2.63
ASP 2139 2    0 ASN 1141 1    4     0    0  0  0   3.09
ASP 2139 2    0 ARG 3143 2    4     0    0  0  0   3.11
ASP 2139 2    0 GLU 1138 1    4     0    0  0  0   4.63
GLY 2140 2    0 ASN 1141 1    4     0    0  0  0   3.1
GLY 2140 2    0 GLU 1138 1    4     0    0  0  0   3.01
GLY 2140 2    0 TRP 1139 1    4     0    0  0  0   2.12
GLY 2140 2    0 ARG 3143 2    4     0    0  0  0   4.65
GLY 2140 2    0 ALA 1140 1    4     0    0  0  0   3.84
CYS 2141 2    0 ASN 1141 1    4     0    0  0  0   4.19
CYS 2141 2    0 TRP 1139 1    4     0    0  0  0   4.12
CYS 2141 2    0 ALA 1140 1    4     0    0  0  0   4.05
HIS 2149 2    0 THR 3167 2    9     0    0  0  0   2.82
HIS 2149 2    0 THR 3077 2    9     0    0  0  0   3.88
HIS 2149 2    0 ASP 3169 2    9     0    0  0  0   3.05
HIS 2149 2    0 GLN 3027 2    9     0    0  0  0   4.13
HIS 2149 2    0 LYS 3029 2    9     0    0  0  0   4.98
ASP 2150 2    0 GLN 3165 2    9     0    0  0  0   3.77
ASP 2150 2    0 THR 3077 2    9     0    0  0  0   3.21
ASP 2150 2    0 VAL 3078 2    9     0    0  0  0   3.73
ASP 2150 2    0 GLY 3079 2    9     0    0  0  0   3.86
ASP 2150 2    0 THR 3167 2    9     0    0  0  0   4.33
SER 2151 2    0 GLN 3165 2    9     0    0  0  0   2.9
SER 2151 2    0 VAL 3164 2    9     0    0  0  0   4.11
SER 2151 2    0 VAL 3078 2    9     0    0  0  0   4.76
SER 2151 2    0 VAL 3166 2    9     0    0  0  0   4.9
SER 2152 2    0 ASP 3163 2    9     0    0  0  0   4.66
VAL 2153 2    0 VAL 3164 2    9     0    0  0  0   3.9
VAL 2153 2    0 GLY 3079 2    9     0    0  0  0   2.45
VAL 2153 2    0 PRO 3081 2    9     0    0  0  0   3.56
VAL 2153 2    0 ILE 3080 2    9     0    0  0  0   3.83
VAL 2153 2    0 VAL 3078 2    9     0    0  0  0   4.83
VAL 2153 2    0 PRO 3160 2    9     0    0  0  0   4.97
SER 2154 2    0 MET 3161 2    9     0    0  0  0   3.41
SER 2154 2    0 PRO 3160 2    9     0    0  0  0   3.71
SER 2154 2    0 PRO 3081 2    9     0    0  0  0   3.76
THR 2155 2    0 MET 3161 2    9     0    0  0  0   4.13
THR 2155 2    0 PRO 3081 2    9     0    0  0  0   3.67
THR 2155 2    0 PRO 3160 2    9     0    0  0  0   4.74
THR 2155 2    0 ASN 3083 2    9     0    0  0  0   2.79
THR 2155 2    0 THR 3084 2    9     0    0  0  0   3.58
THR 2155 2    0 ALA 3158 2    9     0    0  0  0   4.51
THR 2155 2    5 LYS 3034 2    8     2    0  0  0   4.4
THR 2155 2    5 GLN 3162 2    8     2    0  0  0   4.72
THR 2155 2    2 GLN 3162 2   15     2    1  0  0   4.39
ILE 2156 2    0 MET 3161 2    9     0    0  0  0   4.11
ILE 2156 2    5 GLN 3162 2    8     2    0  0  0   3.94
ILE 2156 2    2 GLN 3162 2   15     2    1  0  0   4.1
PRO 2157 2    0 MET 3161 2    9     0    0  0  0   3.77
PRO 2157 2    8 ASN 3035 2    4     2    0 -1  0   4.94
PRO 2157 2    4 ASN 3035 2    8     2    0  0  0   3.63
PRO 2157 2    4 PRO 3033 2    8     2    0  0  0   3.51
PRO 2157 2    4 THR 3036 2    8     2    0  0  0   4.28
PRO 2157 2   14 PRO 3033 2   15     3    1 -1 -1   4.04
PRO 2157 2    5 GLN 3162 2    8     2    0  0  0   2.49
PRO 2157 2    2 GLN 3162 2   15     2    1  0  0   3.05
PRO 2157 2   18 GLN 3162 2    4     2    0 -1  0   3.09
TYR 2175 2    0 CYS 1126 1    4     0    0  0  0   4.78
TYR 2175 2    0 GLY 1127 1    4     0    0  0  0   3.8
TYR 2175 2    0 GLY 1131 1    4     0    0  0  0   3.98
TYR 2175 2    0 ASN 1130 1    4     0    0  0  0   3.2
TYR 2175 2    0 PRO 1128 1    4     0    0  0  0   4.55
TYR 2175 2    0 ASN 1129 1    4     0    0  0  0   4.74
GLY 2176 2    0 CYS 1126 1    4     0    0  0  0   4.36
PRO 2179 2    0 ASP 1105 1    4     0    0  0  0   4.22
PRO 2179 2    0 PHE 1104 1    4     0    0  0  0   3.49
PRO 2179 2    0 ALA 1106 1    4     0    0  0  0   4.23
PRO 2179 2    0 ASN 1097 1    4     0    0  0  0   3.54
PRO 2179 2    0 TRP 1145 1    4     0    0  0  0   4.91
GLY 2180 2    0 PHE 1104 1    4     0    0  0  0   2.9
GLY 2180 2    0 GLU 1102 1    4     0    0  0  0   4.71
GLY 2180 2    0 HIS 1103 1    4     0    0  0  0   3.8
ILE 2181 2    0 PHE 1104 1    4     0    0  0  0   3.46
ILE 2181 2    0 GLU 1102 1    4     0    0  0  0   3.61
ILE 2181 2    0 HIS 1103 1    4     0    0  0  0   3.78
SER 2182 2    0 PHE 1104 1    4     0    0  0  0   3.55
SER 2182 2    0 GLU 1102 1    4     0    0  0  0   2.93
THR 2189 2   11 ASN 3035 2    2     3    1  0 -1   3.79
ILE 2190 2   11 ASN 3035 2    2     3    1  0 -1   3.51
PRO 2191 2   11 VAL 3037 2    2     3    1  0 -1   4.81
GLN 2192 2    4 VAL 3037 2    8     2    0  0  0   4.77
MET 3001 2    0 ALA 3122 2   16     0    0  0  0   4.4
MET 3001 2    0 THR 3120 2   16     0    0  0  0   3.78
MET 3001 2    0 LYS 2112 2   16     0    0  0  0   4.24
MET 3001 2    0 LEU 3114 2   16     0    0  0  0   3.83
MET 3001 2    0 GLU 2111 2   16     0    0  0  0   3.95
MET 3001 2    0 GLU 3113 2   16     0    0  0  0   4.44
MET 3001 2    0 TRP 3115 2   16     0    0  0  0   3.95
MET 3001 2    0 MET 3123 2   16     0    0  0  0   4.77
GLU 3002 2    0 ALA 3122 2   16     0    0  0  0   3.8
GLU 3002 2    0 THR 3120 2   16     0    0  0  0   4
GLU 3002 2    0 CYS 3119 2   16     0    0  0  0   3.71
GLU 3002 2    0 LYS 3121 2   16     0    0  0  0   2.4
THR 3003 2    0 GLN 2105 2    1     0    0  0  0   4.93
THR 3003 2    0 ALA 3122 2   16     0    0  0  0   2.87
THR 3003 2    0 THR 3124 2   16     0    0  0  0   2.39
THR 3003 2    0 MET 3123 2   16     0    0  0  0   4.45
THR 3003 2    0 VAL 3075 2   16     0    0  0  0   4.65
LEU 3005 2    0 LEU 2103 2    1     0    0  0  0   3.77
LEU 3005 2    0 GLN 2105 2    1     0    0  0  0   2.52
LEU 3005 2    0 ALA 3122 2   16     0    0  0  0   3.87
LEU 3005 2    0 VAL 3075 2   16     0    0  0  0   4.4
LEU 3005 2    0 THR 3077 2   16     0    0  0  0   4.21
PHE 3006 2    0 VAL 2113 2    1     0    0  0  0   3
PHE 3006 2    0 LEU 2103 2    1     0    0  0  0   4.08
PHE 3006 2    0 VAL 2104 2    1     0    0  0  0   3.94
PHE 3006 2    0 LEU 2115 2    1     0    0  0  0   3.62
PHE 3006 2    0 GLN 2105 2    1     0    0  0  0   4.81
PHE 3006 2    0 VAL 2114 2    1     0    0  0  0   4.28
LEU 3008 2    0 LEU 2103 2    1     0    0  0  0   4.98
LEU 3008 2    0 VAL 3075 2   16     0    0  0  0   4.38
LEU 3008 2    0 MET 3020 2   16     0    0  0  0   3.58
SER 3009 2    0 MET 3020 2   16     0    0  0  0   3.44
SER 3009 2    0 SER 3019 2   16     0    0  0  0   3.27
SER 3009 2    0 LEU 3021 2   16     0    0  0  0   3.3
LEU 3010 2    0 PRO 2100 2    1     0    0  0  0   3.42
LEU 3010 2    0 HIS 2101 2    1     0    0  0  0   2.9
LEU 3010 2    0 PHE 2099 2    1     0    0  0  0   3.84
LEU 3010 2    0 LEU 2103 2    1     0    0  0  0   3.02
LEU 3010 2    0 LEU 3021 2   16     0    0  0  0   2.57
LEU 3010 2    0 PHE 3171 2   16     0    0  0  0   3.51
LEU 3010 2    0 MET 3020 2   16     0    0  0  0   4.38
ASP 3011 2    0 PRO 2100 2    1     0    0  0  0   4.04
ASP 3011 2    0 HIS 2101 2    1     0    0  0  0   3.75
ASP 3011 2    0 LYS 2102 2    1     0    0  0  0   3.98
ASP 3011 2    0 LEU 3021 2   16     0    0  0  0   4.14
ASP 3012 2    0 PRO 2100 2    1     0    0  0  0   4.11
ASP 3012 2    0 LEU 3021 2   16     0    0  0  0   4.78
ASP 3012 2    0 ARG 3057 2   16     0    0  0  0   4.76
ASP 3012 2    0 SER 3019 2   16     0    0  0  0   3.46
ASP 3012 2    0 ASP 3022 2   16     0    0  0  0   3.82
VAL 3013 2    0 GLU 2121 2    1     0    0  0  0   2.95
VAL 3013 2    0 GLU 2120 2    1     0    0  0  0   3.06
VAL 3013 2    0 PRO 2100 2    1     0    0  0  0   4.74
LYS 3017 2    0 LYS 3017 2   16     0    0  0  0   4.82
SER 3019 2    0 ASP 3012 2   16     0    0  0  0   3.46
SER 3019 2    0 SER 3009 2   16     0    0  0  0   3.27
MET 3020 2    0 LEU 3010 2   16     0    0  0  0   4.38
MET 3020 2    0 SER 3009 2   16     0    0  0  0   3.44
MET 3020 2    0 LEU 3008 2   16     0    0  0  0   3.58
LEU 3021 2    0 LEU 3010 2   16     0    0  0  0   2.57
LEU 3021 2    0 SER 3009 2   16     0    0  0  0   3.3
LEU 3021 2    0 ASP 3012 2   16     0    0  0  0   4.78
LEU 3021 2    0 ASP 3011 2   16     0    0  0  0   4.14
LEU 3021 2    0 ALA 2098 2   17     0    0  0  0   4.22
LEU 3021 2    0 PHE 2099 2   17     0    0  0  0   3.58
LEU 3021 2    0 GLU 2097 2   17     0    0  0  0   4.76
LEU 3021 2    0 HIS 2101 2   17     0    0  0  0   4.09
LEU 3021 2    0 PRO 2100 2   17     0    0  0  0   4.18
ASP 3022 2    0 ASP 3061 2   16     0    0  0  0   4.32
ASP 3022 2    0 ASP 3012 2   16     0    0  0  0   3.82
LYS 3024 2    0 ALA 2098 2   17     0    0  0  0   4.84
LYS 3024 2    0 GLU 2097 2   17     0    0  0  0   3.34
LYS 3024 2    0 HIS 2101 2   17     0    0  0  0   4.35
GLN 3027 2    0 ILE 2094 2   17     0    0  0  0   4.17
GLN 3027 2    0 GLU 2097 2   17     0    0  0  0   2.97
GLN 3027 2    0 ARG 2026 2   17     0    0  0  0   4.53
GLN 3027 2    0 HIS 2149 2   17     0    0  0  0   4.13
LYS 3029 2    0 ARG 2026 2   17     0    0  0  0   3.59
LYS 3029 2    0 HIS 2149 2   17     0    0  0  0   4.98
PRO 3033 2    8 PRO 2157 2    4     2    0 -1  0   3.51
PRO 3033 2    8 MET 3161 2   27     2    0 -1  0   3.55
PRO 3033 2   15 PRO 2157 2   14     3    1 -1  0   4.04
LYS 3034 2    8 ALA 3159 2    4     2    0 -1  0   3.01
LYS 3034 2    8 MET 3161 2    4     2    0 -1  0   4.31
LYS 3034 2    8 THR 2155 2    5     2    0 -1  0   4.4
LYS 3034 2    4 ALA 3159 2    8     2    0  0  0   4.98
LYS 3034 2    4 MET 3161 2    8     2    0  0  0   3.25
LYS 3034 2   14 ALA 3159 2   15     3    1 -1 -1   4.04
LYS 3034 2   15 ALA 3159 2   14     3    1 -1  0   2.74
LYS 3034 2   15 PRO 3160 2   14     3    1 -1  0   4.61
LYS 3034 2   15 MET 3161 2   14     3    1 -1  0   4.14
LYS 3034 2    5 ASP 2091 2   18     2    0  0  0   4.71
ASN 3035 2    8 THR 3157 2    4     2    0 -1  0   1.54
ASN 3035 2    8 ALA 3159 2    4     2    0 -1  0   3.15
ASN 3035 2    8 PRO 2157 2    4     2    0 -1  0   3.63
ASN 3035 2    8 ALA 3158 2    4     2    0 -1  0   2.92
ASN 3035 2    8 TRP 3156 2    4     2    0 -1  0   4.36
ASN 3035 2    4 THR 3157 2    8     2    0  0  0   4.41
ASN 3035 2    4 ALA 3158 2    8     2    0  0  0   4.52
ASN 3035 2    4 ALA 3159 2    8     2    0  0  0   4.61
ASN 3035 2    4 PRO 2157 2    8     2    0  0  0   4.94
ASN 3035 2   14 ALA 3159 2   15     3    1 -1 -1   3.85
ASN 3035 2   15 ALA 3158 2   14     3    1 -1  0   3.8
ASN 3035 2   15 THR 3157 2   14     3    1 -1  0   4.51
ASN 3035 2   15 ALA 3159 2   14     3    1 -1  0   2.31
ASN 3035 2   15 TRP 3156 2   14     3    1 -1  0   4.19
ASN 3035 2    2 THR 2189 2   11     3    1  0  0   3.79
ASN 3035 2    2 ILE 2190 2   11     3    1  0  0   3.51
THR 3036 2    8 PRO 2157 2    4     2    0 -1  0   4.28
VAL 3037 2    8 GLN 2192 2    4     2    0 -1  0   4.77
VAL 3037 2    2 PRO 2191 2   11     3    1  0  0   4.81
ILE 3041 2    8 GLN 3162 2   27     2    0 -1  0   4.61
LEU 3042 2    2 LYS 2042 2   11     3    1  0  0   4.7
GLU 3053 2    0 ILE 2094 2   17     0    0  0  0   4.75
GLY 3054 2    0 ILE 2094 2   17     0    0  0  0   4.33
ASN 3055 2    0 ASN 3055 2   16     0    0  0  0   3.23
ASN 3055 2    0 VAL 3060 2   16     0    0  0  0   4.23
ASN 3055 2    0 ASN 2095 2   17     0    0  0  0   2.29
ASN 3055 2    0 ALA 2098 2   17     0    0  0  0   4.57
PHE 3056 2    0 VAL 3060 2   16     0    0  0  0   4.44
PHE 3056 2    0 ASN 2095 2   17     0    0  0  0   4.13
PHE 3056 2    0 ALA 2098 2   17     0    0  0  0   3.06
PHE 3056 2    0 GLU 2097 2   17     0    0  0  0   3.54
PHE 3056 2    0 ILE 2094 2   17     0    0  0  0   3.41
PHE 3056 2    0 PHE 2096 2   17     0    0  0  0   4.7
ARG 3057 2    0 ARG 3057 2   16     0    0  0  0   3.61
ARG 3057 2    0 VAL 3060 2   16     0    0  0  0   3.27
ARG 3057 2    0 ASP 3061 2   16     0    0  0  0   3.27
ARG 3057 2    0 ARG 3064 2   16     0    0  0  0   2.49
ARG 3057 2    0 THR 3065 2   16     0    0  0  0   2.85
ARG 3057 2    0 ASP 3012 2   16     0    0  0  0   4.76
ARG 3057 2    0 ALA 2098 2   17     0    0  0  0   3.29
ARG 3057 2    0 PHE 2099 2   17     0    0  0  0   4.81
ARG 3057 2    0 PRO 2100 2   17     0    0  0  0   4.33
VAL 3060 2    0 ASN 2095 2    1     0    0  0  0   4.71
VAL 3060 2    0 ASN 3055 2   16     0    0  0  0   4.23
VAL 3060 2    0 ARG 3057 2   16     0    0  0  0   3.27
VAL 3060 2    0 PHE 3056 2   16     0    0  0  0   4.44
VAL 3060 2    0 VAL 3060 2   16     0    0  0  0   4.54
ASP 3061 2    0 ARG 3057 2   16     0    0  0  0   3.27
ASP 3061 2    0 ASP 3022 2   16     0    0  0  0   4.32
GLN 3063 2    0 PHE 2099 2    1     0    0  0  0   4.25
ARG 3064 2    0 PHE 2099 2    1     0    0  0  0   3.7
ARG 3064 2    0 LEU 2089 2    1     0    0  0  0   3.57
ARG 3064 2    0 THR 2093 2    1     0    0  0  0   3.16
ARG 3064 2    0 ASN 2095 2    1     0    0  0  0   2.49
ARG 3064 2    0 PHE 2096 2    1     0    0  0  0   4.68
ARG 3064 2    0 ALA 2098 2    1     0    0  0  0   3.11
ARG 3064 2    0 PRO 2100 2    1     0    0  0  0   4.78
ARG 3064 2    0 ARG 3057 2   16     0    0  0  0   2.49
THR 3065 2    0 PHE 2099 2    1     0    0  0  0   4.19
THR 3065 2    0 ARG 3057 2   16     0    0  0  0   2.85
HIS 3066 2    0 PHE 2099 2    1     0    0  0  0   3.38
HIS 3066 2    0 GLU 2121 2    1     0    0  0  0   2.96
HIS 3066 2    0 ILE 2084 2    1     0    0  0  0   2.78
HIS 3066 2    0 ALA 2085 2    1     0    0  0  0   4.52
HIS 3066 2    0 PRO 2100 2    1     0    0  0  0   4.58
HIS 3066 2    0 PHE 2122 2    1     0    0  0  0   4.66
HIS 3066 2    0 GLU 2120 2    1     0    0  0  0   4.96
HIS 3066 2    0 LEU 2123 2    1     0    0  0  0   3.75
ARG 3067 2    0 LEU 2123 2    1     0    0  0  0   3.66
ARG 3067 2    0 PHE 2122 2    1     0    0  0  0   3.72
ARG 3067 2    0 GLU 2120 2    1     0    0  0  0   3.93
VAL 3075 2    0 LEU 3008 2   16     0    0  0  0   4.38
VAL 3075 2    0 THR 3003 2   16     0    0  0  0   4.65
VAL 3075 2    0 LEU 3005 2   16     0    0  0  0   4.4
THR 3077 2    0 LEU 3005 2   16     0    0  0  0   4.21
THR 3077 2    0 HIS 2149 2   17     0    0  0  0   3.88
THR 3077 2    0 ASP 2150 2   17     0    0  0  0   3.21
THR 3077 2    0 THR 2079 2   17     0    0  0  0   3.51
THR 3077 2    0 GLN 2105 2   17     0    0  0  0   4.48
VAL 3078 2    0 ASP 2150 2   17     0    0  0  0   3.73
VAL 3078 2    0 SER 2151 2   17     0    0  0  0   4.76
VAL 3078 2    0 VAL 2153 2   17     0    0  0  0   4.83
GLY 3079 2    0 ASP 2150 2   17     0    0  0  0   3.86
GLY 3079 2    0 THR 2079 2   17     0    0  0  0   4.83
GLY 3079 2    0 VAL 2153 2   17     0    0  0  0   2.45
GLY 3079 2    0 LYS 2077 2   17     0    0  0  0   4.37
ILE 3080 2    0 VAL 2153 2   17     0    0  0  0   3.83
ILE 3080 2    0 LYS 2077 2   17     0    0  0  0   4.15
PRO 3081 2    0 LYS 2077 2   17     0    0  0  0   4.23
PRO 3081 2    0 VAL 2153 2   17     0    0  0  0   3.56
PRO 3081 2    0 TYR 2075 2   17     0    0  0  0   3.5
PRO 3081 2    0 SER 2154 2   17     0    0  0  0   3.76
PRO 3081 2    0 THR 2155 2   17     0    0  0  0   3.67
GLU 3082 2    0 GLU 3082 2    9     0    0  0  0   4.5
GLU 3082 2    0 LYS 2077 2   17     0    0  0  0   4.62
GLU 3082 2    0 GLU 2108 2   17     0    0  0  0   3.2
GLU 3082 2    0 GLU 3082 2   17     0    0  0  0   4.5
ASN 3083 2    0 THR 2155 2   17     0    0  0  0   2.79
ASN 3083 2    0 TYR 2075 2   17     0    0  0  0   3.21
THR 3084 2    0 THR 2155 2   17     0    0  0  0   3.58
ARG 3099 2    8 SER 2025 2    4     2    0 -1  0   4.87
GLU 3113 2    0 MET 3001 2   16     0    0  0  0   4.44
LEU 3114 2    0 MET 3001 2   16     0    0  0  0   3.83
TRP 3115 2    0 MET 3001 2   16     0    0  0  0   3.95
CYS 3119 2    0 GLU 3002 2   16     0    0  0  0   3.71
THR 3120 2    0 MET 3001 2   16     0    0  0  0   3.78
THR 3120 2    0 GLU 3002 2   16     0    0  0  0   4
LYS 3121 2    0 GLU 3002 2   16     0    0  0  0   2.4
LYS 3121 2    0 GLN 2105 2   17     0    0  0  0   2.34
LYS 3121 2    0 PHE 2106 2   17     0    0  0  0   4.43
ALA 3122 2    0 THR 3003 2   16     0    0  0  0   2.87
ALA 3122 2    0 MET 3001 2   16     0    0  0  0   4.4
ALA 3122 2    0 GLU 3002 2   16     0    0  0  0   3.8
ALA 3122 2    0 LEU 3005 2   16     0    0  0  0   3.87
ALA 3122 2    0 GLN 2105 2   17     0    0  0  0   4.07
MET 3123 2    0 MET 3001 2   16     0    0  0  0   4.77
MET 3123 2    0 THR 3003 2   16     0    0  0  0   4.45
THR 3124 2    0 THR 3003 2   16     0    0  0  0   2.39
ASN 3130 2    0 THR 2124 2    1     0    0  0  0   4.5
ASN 3130 2    0 LEU 2123 2    1     0    0  0  0   4.35
ALA 3135 2    0 LEU 2123 2    1     0    0  0  0   3.6
TRP 3136 2    0 LEU 2123 2    1     0    0  0  0   3.28
SER 3137 2    0 LEU 2123 2    1     0    0  0  0   3.61
GLU 3139 2    0 ASN 2088 2    1     0    0  0  0   2.76
GLU 3139 2    0 PHE 2086 2    1     0    0  0  0   4.49
PHE 3140 2    0 THR 2124 2    1     0    0  0  0   4.78
PHE 3140 2    0 LEU 2123 2    1     0    0  0  0   3.92
ARG 3143 2    0 ALA 2138 2    1     0    0  0  0   4
ARG 3143 2    0 ASP 2139 2    1     0    0  0  0   3.11
ARG 3143 2    0 GLY 2140 2    1     0    0  0  0   4.65
ARG 3143 2    0 LEU 2137 2    1     0    0  0  0   3.02
ARG 3143 2    0 ASN 2088 2    1     0    0  0  0   2.73
ARG 3143 2    0 PHE 2086 2    1     0    0  0  0   3.83
TRP 3156 2    4 ASN 3035 2    8     2    0  0  0   4.36
TRP 3156 2   14 ASN 3035 2   15     3    1 -1 -1   4.19
THR 3157 2    8 ASN 3035 2    4     2    0 -1  0   4.41
THR 3157 2    4 ASN 3035 2    8     2    0  0  0   1.54
THR 3157 2   14 ASN 3035 2   15     3    1 -1 -1   4.51
ALA 3158 2    0 THR 2155 2   17     0    0  0  0   4.51
ALA 3158 2    8 ASN 3035 2    4     2    0 -1  0   4.52
ALA 3158 2    4 ASN 3035 2    8     2    0  0  0   2.92
ALA 3158 2   14 ASN 3035 2   15     3    1 -1 -1   3.8
ALA 3159 2    8 LYS 3034 2    4     2    0 -1  0   4.98
ALA 3159 2    8 ALA 3159 2    4     2    0 -1  0   3.93
ALA 3159 2    8 ASN 3035 2    4     2    0 -1  0   4.61
ALA 3159 2    4 ASN 3035 2    8     2    0  0  0   3.15
ALA 3159 2    4 LYS 3034 2    8     2    0  0  0   3.01
ALA 3159 2    4 ALA 3159 2    8     2    0  0  0   3.93
ALA 3159 2   14 ASN 3035 2   15     3    1 -1 -1   2.31
ALA 3159 2   14 LYS 3034 2   15     3    1 -1 -1   2.74
ALA 3159 2   15 LYS 3034 2   14     3    1 -1  0   4.04
ALA 3159 2   15 ASN 3035 2   14     3    1 -1  0   3.85
PRO 3160 2    0 SER 2154 2   17     0    0  0  0   3.71
PRO 3160 2    0 THR 2155 2   17     0    0  0  0   4.74
PRO 3160 2    0 VAL 2153 2   17     0    0  0  0   4.97
PRO 3160 2   14 LYS 3034 2   15     3    1 -1 -1   4.61
MET 3161 2    0 GLN 2022 2   17     0    0  0  0   2.98
MET 3161 2    0 SER 2154 2   17     0    0  0  0   3.41
MET 3161 2    0 ILE 2156 2   17     0    0  0  0   4.11
MET 3161 2    0 PRO 2157 2   17     0    0  0  0   3.77
MET 3161 2    0 THR 2155 2   17     0    0  0  0   4.13
MET 3161 2    8 MET 3161 2    4     2    0 -1  0   2.7
MET 3161 2    8 LYS 3034 2    4     2    0 -1  0   3.25
MET 3161 2    8 GLN 3162 2    4     2    0 -1  0   4.11
MET 3161 2    4 MET 3161 2    8     2    0  0  0   2.7
MET 3161 2    4 GLN 3162 2    8     2    0  0  0   1.97
MET 3161 2    4 LYS 3034 2    8     2    0  0  0   4.31
MET 3161 2   14 MET 3161 2   15     3    1 -1 -1   2.56
MET 3161 2   14 LYS 3034 2   15     3    1 -1 -1   4.14
MET 3161 2   14 GLN 3162 2   15     3    1 -1 -1   2.81
MET 3161 2   15 MET 3161 2   14     3    1 -1  0   2.56
MET 3161 2   15 GLN 3162 2   14     3    1 -1  0   3.7
MET 3161 2   27 PRO 3033 2    8     2    0  0  0   3.55
GLN 3162 2    0 GLN 2022 2   17     0    0  0  0   2.9
GLN 3162 2    0 GLY 2023 2   17     0    0  0  0   4.57
GLN 3162 2    8 MET 3161 2    4     2    0 -1  0   1.97
GLN 3162 2    8 THR 2155 2    5     2    0 -1  0   4.72
GLN 3162 2    8 PRO 2157 2    5     2    0 -1  0   2.49
GLN 3162 2    8 ILE 2156 2    5     2    0 -1  0   3.94
GLN 3162 2    4 MET 3161 2    8     2    0  0  0   4.11
GLN 3162 2    4 PRO 2157 2   18     2    0  0  0   3.09
GLN 3162 2   14 MET 3161 2   15     3    1 -1 -1   3.7
GLN 3162 2   15 MET 3161 2   14     3    1 -1  0   2.81
GLN 3162 2   15 PRO 2157 2    2     2    1 -1  0   3.05
GLN 3162 2   15 THR 2155 2    2     2    1 -1  0   4.39
GLN 3162 2   15 ILE 2156 2    2     2    1 -1  0   4.1
GLN 3162 2    5 ASP 2092 2   18     2    0  0  0   4.86
GLN 3162 2   27 ILE 3041 2    8     2    0  0  0   4.61
ASP 3163 2    0 THR 2024 2   17     0    0  0  0   4.45
ASP 3163 2    0 GLY 2023 2   17     0    0  0  0   4.01
ASP 3163 2    0 SER 2152 2   17     0    0  0  0   4.66
VAL 3164 2    0 SER 2151 2   17     0    0  0  0   4.11
VAL 3164 2    0 VAL 2153 2   17     0    0  0  0   3.9
GLN 3165 2    0 ASP 2150 2   17     0    0  0  0   3.77
GLN 3165 2    0 SER 2151 2   17     0    0  0  0   2.9
GLN 3165 2    0 THR 2024 2   17     0    0  0  0   3.33
VAL 3166 2    0 SER 2151 2   17     0    0  0  0   4.9
THR 3167 2    0 HIS 2149 2   17     0    0  0  0   2.82
THR 3167 2    0 ASP 2150 2   17     0    0  0  0   4.33
ASP 3169 2    0 GLU 2097 2   17     0    0  0  0   3.88
ASP 3169 2    0 HIS 2149 2   17     0    0  0  0   3.05
ASP 3169 2    0 LEU 2103 2   17     0    0  0  0   4.76
PHE 3171 2    0 LEU 3010 2   16     0    0  0  0   3.51
Residue buried areas, 283 residues
  residue    ncs   buried
SER 1003 1    0     0
GLN 1004 1    0     1.54
GLN 1005 1    0     0
THR 1006 1    0     1.74
VAL 1007 1    0     0
TRP 1008 1    0     0.91
ASN 1009 1    0     0
GLN 1010 1    0     2
LEU 1018 1   29     0
ASN 1019 1   29     0
ASN 1019 1   18     0
PHE 1020 1   29     0
ASP 1021 1   29     2.42
SER 1023 1   19     0
LYS 1024 1   18     0
LYS 1024 1   19     0
GLN 1025 1   19     0
LYS 1043 1   18     0
LYS 1043 1    5     2.09
LYS 1043 1   13     0
THR 1044 1   18     1.04
GLY 1045 1   18     1.05
GLY 1045 1    5     0
ASP 1046 1   18     0
ASP 1046 1    5     0
GLN 1052 1    0     0
ASN 1053 1    0     0
SER 1054 1    0     0
CYS 1069 1    0     0
LYS 1073 1    0     0
VAL 1075 1    0     0
MET 1076 1    0     0
SER 1077 1    0     0
GLY 1078 1    0     0.678
ALA 1080 1    0     2.31
ALA 1081 1    0     0
VAL 1082 1    0     0
LYS 1083 1    0     0.571
ARG 1084 1    0     0
SER 1085 1    0     0.405
ASP 1086 1    0     0.568
TRP 1087 1    0     0
ALA 1088 1    0     1.96
SER 1089 1    0     0
LEU 1090 1    0     0.934
GLN 1092 1    0     0
LEU 1095 1    0     0
ASN 1097 1    0     0
SER 1098 1    0     0
SER 1100 1    0     0
GLU 1102 1    0     0.64
HIS 1103 1    0     0.594
PHE 1104 1    0     1.68
ASP 1105 1    0     0
ALA 1106 1    0     0.363
CYS 1107 1    0     0.548
ARG 1108 1    0     1.96
TRP 1109 1    0     0
THR 1110 1    0     0
LYS 1111 1    0     0
SER 1112 1    0     4
PRO 1114 1    0     0
HIS 1115 1    0     0.805
SER 1116 1    0     2.95
GLU 1118 1    0     0
PHE 1121 1    0     0
PRO 1122 1    0     1.74
ILE 1123 1    0     0
GLU 1124 1    0     0.393
VAL 1125 1    0     0
CYS 1126 1    0     1.14
GLY 1127 1    0     0
PRO 1128 1    0     13.6
ASN 1129 1    0     1.4
ASN 1130 1    0     0
GLY 1131 1    0     0
GLU 1133 1    0     1.76
GLU 1138 1    0     1.49
TRP 1139 1    0     7.07
ALA 1140 1    0     1.26
ASN 1141 1    0     4.87
GLN 1142 1    0     0
THR 1143 1    0     0
TRP 1145 1    0     0
ASP 1152 1    0     0
LYS 1155 1   29     2.35
ASP 1161 1    0     0
LEU 1163 1    0     0
GLN 2022 2    0     2.41
GLY 2023 2    0     0
THR 2024 2    0     0
SER 2025 2    4     0
ARG 2026 2    0     0
LYS 2042 2   14     4.07
LYS 2042 2   15     4.18
LYS 2042 2   11     0
ARG 2058 2    0     0
TYR 2059 2    0     6.67
TYR 2075 2    0     3.11
LYS 2077 2    0     0
THR 2079 2    0     1.48
ILE 2084 2    0     2.23
ALA 2085 2    0     0
PHE 2086 2    0     0
ASN 2088 2    0     3.13
LEU 2089 2    0     0
ASP 2091 2   18     0
ASP 2092 2   18     0
THR 2093 2    0     1.94
ILE 2094 2    0     0
ASN 2095 2    0     8.01
PHE 2096 2    0     0
GLU 2097 2    0     1.81
ALA 2098 2    0     4.3
PHE 2099 2    0     0.791
PRO 2100 2    0     0
HIS 2101 2    0     1.25
LYS 2102 2    0     0
LEU 2103 2    0     4.37
VAL 2104 2    0     0
GLN 2105 2    0     12.1
PHE 2106 2    0     0
GLU 2108 2    0     0.384
GLU 2111 2    0     0
LYS 2112 2    0     0
VAL 2113 2    0     3.78
VAL 2114 2    0     0
LEU 2115 2    0     0.108
GLU 2120 2    0     3.62
GLU 2121 2    0     3.1
PHE 2122 2    0     0
LEU 2123 2    0     2.99
THR 2124 2    0     11.7
ALA 2125 2    0     2.19
TRP 2126 2    0     0
SER 2127 2    0     1.26
VAL 2130 2    0     1.84
ARG 2131 2    0     0.596
PRO 2132 2    0     0
THR 2134 2    0     0
LEU 2137 2    0     0.171
ALA 2138 2    0     2.1
ASP 2139 2    0     0
GLY 2140 2    0     5.55
CYS 2141 2    0     0
HIS 2149 2    0     1.86
ASP 2150 2    0     2.85
SER 2151 2    0     0.12
SER 2152 2    0     0
VAL 2153 2    0     5.3
SER 2154 2    0     0.00984
THR 2155 2    0     3.09
THR 2155 2    5     0
THR 2155 2    2     0
ILE 2156 2    0     0
ILE 2156 2    5     0
ILE 2156 2    2     0
PRO 2157 2    0     0
PRO 2157 2    8     0
PRO 2157 2    4     1.78
PRO 2157 2   14     0
PRO 2157 2    5     3.96
PRO 2157 2    2     1.24
PRO 2157 2   18     1.04
TYR 2175 2    0     0
GLY 2176 2    0     0
PRO 2179 2    0     0
GLY 2180 2    0     1.68
ILE 2181 2    0     0
SER 2182 2    0     0.636
THR 2189 2   11     0
ILE 2190 2   11     0
PRO 2191 2   11     0
GLN 2192 2    4     0
MET 3001 2    0     0
GLU 3002 2    0     5.34
THR 3003 2    0     4.08
LEU 3005 2    0     5.34
PHE 3006 2    0     3.9
LEU 3008 2    0     0.403
SER 3009 2    0     1.21
LEU 3010 2    0     12.6
ASP 3011 2    0     0
ASP 3012 2    0     0
VAL 3013 2    0     5.32
LYS 3017 2    0     0
SER 3019 2    0     0
MET 3020 2    0     1.62
LEU 3021 2    0     5.8
ASP 3022 2    0     0
LYS 3024 2    0     0
GLN 3027 2    0     1.85
LYS 3029 2    0     0
PRO 3033 2    8     3.01
PRO 3033 2   15     0
LYS 3034 2    8     1.05
LYS 3034 2    4     1.5
LYS 3034 2   14     0
LYS 3034 2   15     1.96
LYS 3034 2    5     0
ASN 3035 2    8     11
ASN 3035 2    4     0
ASN 3035 2   14     0
ASN 3035 2   15     8.52
ASN 3035 2    2     0
THR 3036 2    8     0
VAL 3037 2    8     0
VAL 3037 2    2     0
ILE 3041 2    8     0
LEU 3042 2    2     0
GLU 3053 2    0     0
GLY 3054 2    0     0
ASN 3055 2    0     3.75
PHE 3056 2    0     3.36
ARG 3057 2    0     6.94
VAL 3060 2    0     2.97
ASP 3061 2    0     0.138
GLN 3063 2    0     0
ARG 3064 2    0     9.61
THR 3065 2    0     1.22
HIS 3066 2    0     4.19
ARG 3067 2    0     0
VAL 3075 2    0     0
THR 3077 2    0     4.36
VAL 3078 2    0     0
GLY 3079 2    0     4.53
ILE 3080 2    0     0
PRO 3081 2    0     1.73
GLU 3082 2    0     0.386
ASN 3083 2    0     2.02
THR 3084 2    0     1.08
ARG 3099 2    8     0
GLU 3113 2    0     0
LEU 3114 2    0     0
TRP 3115 2    0     0
CYS 3119 2    0     0
THR 3120 2    0     0
LYS 3121 2    0     10.8
ALA 3122 2    0     1.65
MET 3123 2    0     0
THR 3124 2    0     2.45
ASN 3130 2    0     0
ALA 3135 2    0     0
TRP 3136 2    0     2.93
SER 3137 2    0     0
GLU 3139 2    0     1.54
PHE 3140 2    0     0
ARG 3143 2    0     1.74
TRP 3156 2    4     0
TRP 3156 2   14     0
THR 3157 2    8     0
THR 3157 2    4     5.89
THR 3157 2   14     0
ALA 3158 2    0     0
ALA 3158 2    8     0
ALA 3158 2    4     4.71
ALA 3158 2   14     0
ALA 3159 2    8     0
ALA 3159 2    4     1.75
ALA 3159 2   14     9.42
ALA 3159 2   15     0
PRO 3160 2    0     0
PRO 3160 2   14     0
MET 3161 2    0     1.59
MET 3161 2    8     7.23
MET 3161 2    4     14.2
MET 3161 2   14     6.01
MET 3161 2   15     3.89
MET 3161 2   27     1.22
GLN 3162 2    0     0.765
GLN 3162 2    8     13.1
GLN 3162 2    4     1.06
GLN 3162 2   14     0
GLN 3162 2   15     3.83
GLN 3162 2    5     0
GLN 3162 2   27     0
ASP 3163 2    0     0
VAL 3164 2    0     0
GLN 3165 2    0     0.12
VAL 3166 2    0     0
THR 3167 2    0     1.21
ASP 3169 2    0     0.631
PHE 3171 2    0     1.31